
0.005549
0.011100
0.011108
0.011119
0.011136
0.011157
0.011183
0.011214
0.011249
0.011288
0.011333
0.011381
0.011434
0.011492
0.011553
0.011619
0.011689
0.011764
0.011842
0.011924
5.010492
0.012100
0.012193
0.012290
0.012391
0.012494
0.012602
0.012712
0.012826
0.012943
0.013062
0.013185
0.013310
0.013438
0.013569
0.013702
0.013838
0.013975
0.014115
0.014258
0.014402
0.014548
0.014696
0.014845
0.014997
0.015149
0.015304
0.015459
0.015616
0.015774
0.015933
0.016092
0.016253
0.016414
0.016576
0.016739
0.016902
0.017065
0.017228
0.017392
0.017555
0.017719
0.017882
0.018044
0.018207
0.018368
0.018530
0.018690
0.018849
0.019008
0.019165
0.019321
0.019476
0.019629
0.019781
0.019931
0.020080
0.020226
0.020371
0.020513
0.020654
0.020792
0.020928
0.021061
0.021192
0.021321
0.021446
0.021569
0.021689
0.021806
0.021920
0.022031
0.022139
0.022244
0.022346
0.022444
0.022539
0.022631
0.022719
0.022804
0.022885
0.022963
16.615323
0.023108
0.023175
0.023239
0.023299
0.023355
0.023408
0.023458
0.023504
0.023546
0.023585
0.023621
0.023653
0.023682
0.023707
0.023729
0.023748
0.023764
0.023776
0.023785
0.023791
0.023795
0.023795
0.023792
0.023787
0.023779
0.023768
0.023754
0.023738
0.023719
0.023698
0.023674
0.023648
0.023620
0.023590
0.023557
0.023523
0.023486
0.023448
0.023408
0.023366
0.023322
0.023276
0.023229
0.023181
0.023131
0.023080
0.023027
0.022973
0.022918
0.022861
0.022804
0.022746
0.022686
0.022626
0.022564
0.022502
0.022439
0.022375
0.022311
0.022246
0.022180
0.022114
0.022047
0.021980
0.021912
0.021844
0.021776
0.021707
0.021638
0.021568
0.021498
0.021429
0.021358
0.021288
0.021218
0.021147
0.021077
0.021006
0.020936
0.020865
0.020794
3.633849
0.020653
0.020583
0.020512
0.020442
0.020372
0.020302
0.020232
0.020162
0.020093
0.020023
0.019954
0.019885
0.019817
0.019748
0.019680
0.019612
0.019545
0.019477
0.019410
0.019343
0.019277
0.019211
0.019145
0.019080
0.019014
0.018950
0.018885
0.018821
0.018757
0.018694
0.018630
0.018568
0.018505
0.018443
0.018382
0.018320
0.018259
0.018199
0.018139
0.018079
0.018019
0.017960
0.017902
0.017843
0.017786
0.017728
0.017671
0.017614
0.017558
0.017502
0.017446
0.017391
0.017336
0.017282
0.017228
0.017174
0.017121
0.017068
0.017015
0.016963
0.016911
0.016860
0.016808
0.016758
0.016707
0.016658
0.016608
0.016559
0.016510
0.016461
0.016413
0.016365
0.016318
0.016271
0.016224
0.016178
0.016132
0.016086
0.016041
0.015996
0.015951
0.015907
0.015863
0.015819
0.015776
0.015733
0.015691
0.015648
0.015606
0.015565
0.015524
0.015483
0.015442
0.015402
0.015361
0.015322
0.015282
0.015243
0.015204
0.015166
0.015128
0.015090
0.015052
0.015015
0.014978
0.014941
0.014905
0.014869
0.014833
0.014798
0.014762
0.014727
0.014693
0.014658
0.014624
0.014590
0.014557
0.014523
0.014490
0.014457
0.014425
0.014393
0.014361
0.014329
0.014297
0.014266
0.014235
0.014204
0.014174
0.014144
0.014114
0.014084
0.014055
0.014025
0.013996
0.013968
0.013939
0.013911
0.013883
0.013855
0.013827
0.013800
0.013773
0.013746
0.013719
0.013693
0.013666
0.013640
0.013615
0.013589
0.013564
0.013538
0.013513
0.013489
0.013464
0.013440
0.013416
0.013392
0.013368
0.013345
0.013321
0.013298
0.013275
0.013253
0.013230
0.013208
0.013186
0.013164
0.013142
0.013121
0.013099
0.013078
0.013057
0.013036
0.013016
0.012995
0.012975
0.012955
0.012935
0.012916
0.012896
0.012877
0.012858
0.012839
0.012820
0.012801
0.012783
0.012764
0.012746
0.012728
0.012711
0.012693
0.012676
0.012658
0.012641
0.012624
0.012607
0.012591
0.012574
0.012558
0.012542
0.012526
0.012510
0.012494
0.012479
0.012464
0.012448
0.012433
0.012418
0.012404
0.012389
0.012375
0.012360
0.012346
0.012332
0.012318
0.012305
0.012291
0.012278
0.012265
0.012251
0.012238
0.012226
0.012213
0.012200
0.012188
0.012176
0.012164
0.012152
0.012140
0.012128
0.012117
0.012105
0.012094
0.012083
0.012072
0.012061
0.012050
0.012039
0.012029
0.012019
0.012008
0.011998
0.011988
0.011978
0.011969
0.011959
0.011950
0.011940
0.011931
0.011922
0.011913
0.011905
0.011896
0.011887
0.011879
0.011871
0.011862
0.011854
0.011846
0.011839
0.011831
0.011823
0.011816
0.011809
0.011802
0.011794
0.011788
0.011781
0.011774
0.011767
0.011761
0.011755
0.011748
0.011742
0.011736
0.011730
0.011725
0.011719
0.011714
0.011708
0.011703
0.011698
0.011693
0.011688
0.011683
0.011678
0.011674
0.011669
0.011665
0.011661
0.011657
0.011653
0.011649
0.011645
0.011641
0.011638
0.011634
0.011631
0.011628
0.011625
0.011622
0.011619
0.011616
0.011614
0.011611
0.011609
0.011606
0.011604
0.011602
0.011600
0.011598
0.011597
0.011595
0.011593
0.011592
0.011591
0.011590
0.011589
0.011588
0.011587
0.011586
0.011585
0.011585
0.011585
0.011584
0.011584
0.005792