
2.599814
10.311463
18.321457
19.973922
14.912092
7.187959
0.118033
-6.042046
-11.706594
-14.806557
-11.622012
-1.279526
11.320119
18.240356
14.883812
3.745975
-8.169441
-15.412837
-17.426621
-16.434697
-13.339794
-6.913741
2.879009
11.958177
14.045475
6.272434
-7.342793
-18.603410
-21.644415
-16.882319
-8.931892
-1.485916
5.039454
11.105361
14.731087
12.110012
2.078165
-10.726091
-18.325094
-15.750906
-5.070763
6.885886
14.528398
17.049238
16.533323
13.861256
7.742315
-2.033561
-11.522436
-14.325678
-7.184941
6.276134
17.951491
21.709670
17.586866
9.988307
2.624973
-4.007833
-10.375629
-14.522109
-12.508661
-2.851942
10.097366
18.343651
16.559199
6.374134
-5.578238
-13.585638
-16.597620
-16.557914
-14.322565
-8.538113
1.184593
11.052462
14.564983
8.081747
-5.179954
-17.229324
-21.688220
-18.215539
-10.996380
-3.747921
2.961580
9.605943
14.261180
12.866311
3.619229
-9.432472
-18.299513
-17.310429
-7.654451
4.250199
12.588330
16.074199
16.508955
14.722284
9.298379
-0.334964
-10.549708
-14.762434
-8.959744
4.057998
16.439396
21.580074
18.765815
11.951860
4.849839
-1.905289
-8.799635
-13.949611
-13.182107
-4.377900
8.733070
18.192199
18.001375
8.906543
-2.907314
-11.540942
-15.481564
-16.386947
-15.058997
-10.020383
-0.512448
10.015702
14.917162
9.815828
-2.914161
-15.584484
-21.385605
-19.235513
-12.850742
-5.925918
0.843574
7.960168
13.588890
13.455331
5.125845
-8.000947
-18.021449
-18.629029
-10.125338
1.555191
10.448153
14.822605
16.192710
15.331565
10.701566
1.354806
-9.452049
-15.028402
-10.646924
1.752460
14.667642
21.105544
19.622799
13.689277
6.971484
0.218949
-7.091113
-13.180669
-13.685399
-5.860975
7.238014
17.787227
19.190603
11.305877
-0.199481
-9.314830
-14.100493
-15.927378
-15.539126
-11.339555
-2.189321
8.860420
15.095498
11.449998
-0.577021
-13.692190
-20.740980
-19.926198
-14.464000
-7.982016
-1.277686
6.196138
12.726757
13.871864
6.581229
-6.446306
-17.489730
-19.683551
-12.443345
-1.154154
8.146004
13.318671
15.592393
15.681098
11.932164
3.013262
-8.242552
-15.117907
-12.222066
-0.607937
12.661700
20.293360
20.144596
15.171734
8.953168
2.328082
-5.278990
-12.229114
-14.014409
-7.284573
5.627974
17.129384
20.105570
13.533085
2.500056
-6.946851
-12.480832
-15.189498
-15.757182
-12.477405
-3.823967
7.600237
15.095199
12.960208
1.798113
-11.579987
-19.764477
-20.277250
-15.809606
-9.880785
-3.365642
4.343476
11.689834
14.112851
7.969008
-4.785285
-16.706852
-20.454622
-14.570621
-3.832600
5.722669
11.590906
14.720726
15.767358
12.973490
4.618844
-6.935327
-15.027065
-13.661578
-2.989150
10.451089
19.156467
20.323785
16.375064
10.760923
4.385950
-3.393454
-11.111147
-14.167139
-8.632575
3.920612
16.223029
20.728941
15.551676
5.146221
-4.478852
-10.653039
-14.188392
-15.711883
-13.418839
-5.395384
6.249721
14.913318
14.323419
4.176640
-9.279258
-18.471800
-20.284200
-16.865881
-11.589862
-5.384689
2.432808
10.495395
14.177346
9.273357
-3.036432
-15.679046
-20.927040
-16.472193
-6.435433
3.220867
9.671576
13.595076
15.591289
13.812084
6.151168
-5.545364
-14.753893
-14.943068
-5.356149
8.068938
17.713272
20.158866
17.280168
12.364128
6.357656
-1.465439
-9.845033
-14.143676
-9.889482
2.135320
15.076270
21.047723
17.328350
7.694855
-1.954231
-8.651038
-12.943617
-15.406381
-14.152067
-6.883872
4.824242
14.548852
15.517973
6.523229
-6.824753
-16.883990
-19.948525
-17.616380
-13.080501
-7.300782
0.495242
9.162613
14.066454
10.479134
-1.219943
-14.416299
-21.090090
-18.116581
-8.919236
0.684483
7.596103
12.237095
15.158225
14.437848
7.591271
-4.088377
-14.298388
-16.045701
-7.673440
5.551484
15.987363
19.654283
17.873322
13.736033
8.210152
0.473906
-8.450772
-13.946126
-11.040550
0.293051
13.700959
21.053544
18.833589
10.103475
0.582834
-6.511585
-11.478817
-14.848147
-14.668703
-8.271249
3.339825
14.002821
16.523950
8.802364
-4.254055
-15.027086
-19.277612
-18.050154
-14.328055
-9.082012
-1.438160
7.712226
13.783256
11.572027
0.642529
-12.932304
-20.937798
-19.476361
-11.242644
-1.842208
5.402411
10.672300
14.477724
14.844125
8.921801
-2.580666
-13.662606
-16.950559
-9.905625
2.937510
14.007125
18.820334
18.146392
14.854193
9.912794
2.393728
-6.949754
-13.578523
-12.071926
-1.583900
12.112608
20.742874
20.042182
12.332011
3.088169
-4.273600
-9.821257
-14.048773
-14.963822
-9.541038
1.813004
13.278331
17.323519
10.978906
-1.606992
-12.931700
-18.284621
-18.161911
-15.312373
-10.699125
-3.336883
6.166190
13.332715
12.538680
2.528104
-11.244361
-20.469109
-20.528651
-13.367058
-4.315325
3.130236
8.929578
13.563344
15.027717
10.127192
-1.038963
-12.850720
-17.640983
-12.017968
0.267725
11.805271
17.672981
18.096945
15.700832
11.437840
4.263975
-5.364411
-13.046728
-12.970791
-3.472130
10.330261
20.117156
20.933686
14.343504
5.518378
-1.977452
-8.001311
-13.023710
-15.035946
-10.678619
0.260677
12.380629
17.901274
13.018665
1.075008
-10.632512
-16.988246
-17.952081
-16.018122
-12.125998
-5.171450
4.547324
12.721561
13.366841
4.412926
-9.373206
-19.687982
-21.255538
-15.257320
-6.692152
0.820401
7.040645
12.432351
14.988851
11.193801
0.519706
-11.869052
-18.102895
-13.976964
-2.415889
9.418300
16.233560
17.728260
16.263114
12.760888
6.055861
-3.717860
-12.358313
-13.725492
-5.347403
8.376288
19.182868
21.492801
16.104748
7.831613
0.335765
-6.051889
-11.791947
-14.886982
-11.671350
-1.300038
11.317119
18.244539
14.888963
3.749582
-8.167689
-15.412369
-17.426770
-16.435006
-13.340046
-6.913881
2.878959
11.958176
14.045492
6.272451
-7.342782
-18.603406
-21.644414
-16.882319
-8.931893
-1.485917
5.039454
11.105361
14.731087
12.110012
2.078165
-10.726091
-18.325094
-15.750906
-5.070763
6.885886
14.528398
17.049238
16.533323
13.861256
7.742315
-2.033561
-11.522436
-14.325678
-7.184941
6.276134
17.951491
21.709670
17.586866
9.988307
2.624973
-4.007833
-10.375629
-14.522109
-12.508661
-2.851942
10.097366
18.343651
16.559199
6.374134
-5.578238
-13.585638
-16.597620
-16.557914
-14.322565
-8.538113
1.184593
11.052462
14.564983
8.081747
-5.179954
-17.229324
-21.688220
-18.215539
-10.996380
-3.747921
2.961580
9.605943
14.261180
12.866311
3.619229
-9.432472
-18.299513
-17.310429
-7.654451
4.250199
12.588330
16.074199
16.508955
14.722284
9.298379
-0.334964
-10.549708
-14.762434
-8.959744
4.057998
16.439396
21.580074
18.765815
11.951860
4.849839
-1.905289
-8.799635
-13.949611
-13.182107
-4.377900
8.733070
18.192199
18.001375
8.906543
-2.907314
-11.540942
-15.481564
-16.386947
-15.058997
-10.020383
-0.512448
10.015702
14.917162
9.815828
-2.914161
-15.584484
-21.385605
-19.235513
-12.850742
-5.925918
0.843574
7.960168
13.588890
13.455331
5.125845
-8.000947
-18.021449
-18.629029
-10.125338
1.555191
10.448153
14.822605
16.192710
15.331565
10.701566
1.354806
-9.452049
-15.028402
-10.646924
1.752460
14.667642
21.105544
19.622799
13.689277
6.971484
0.218949
-7.091113
-13.180669
-13.685399
-5.860975
7.238014
17.787227
19.190603
11.305877
-0.199481
-9.314830
-14.100493
-15.927378
-15.539126
-11.339555
-2.189321
8.860420
15.095498
11.449998
-0.577021
-13.692190
-20.740980
-19.926198
-14.464000
-7.982016
-1.277686
6.196138
12.726757
13.871864
6.581229
-6.446306
-17.489730
-19.683551
-12.443345
-1.154154
8.146004
13.318671
15.592393
15.681098
11.932164
3.013262
-8.242552
-15.117907
-12.222066
-0.607937
12.661700
20.293360
20.144596
15.171734
8.953168
2.328082
-5.278990
-12.229114
-14.014409
-7.284573
5.627974
17.129384
20.105570
13.533085
2.500056
-6.946851
-12.480832
-15.189498
-15.757182
-12.477405
-3.823967
7.600237
15.095199
12.960208
1.798113
-11.579987
-19.764477
-20.277250
-15.809606
-9.880785
-3.365642
4.343476
11.689834
14.112851
7.969008
-4.785285
-16.706852
-20.454622
-14.570621
-3.832600
5.722669
11.590906
14.720726
15.767358
12.973490
4.618844
-6.935327
-15.027065
-13.661578
-2.989150
10.451089
19.156467
20.323785
16.375064
10.760923
4.385950
-3.393454
-11.111147
-14.167139
-8.632575
3.920612
16.223029
20.728941
15.551676
5.146221
-4.478852
-10.653039
-14.188392
-15.711883
-13.418839
-5.395384
6.249721
14.913318
14.323419
4.176640
-9.279258
-18.471800
-20.284200
-16.865881
-11.589862
-5.384689
2.432808
10.495395
14.177346
9.273357
-3.036432
-15.679046
-20.927040
-16.472193
-6.435433
3.220867
9.671576
13.595076
15.591289
13.812084
6.151168
-5.545364
-14.753893
-14.943068
-5.356149
8.068938
17.713272
20.158866
17.280168
12.364128
6.357656
-1.465439
-9.845033
-14.143676
-9.889482
2.135320
15.076270
21.047723
17.328350
7.694855
-1.954231
-8.651038
-12.943617
-15.406381
-14.152067
-6.883872
4.824242
14.548852
15.517973
6.523229
-6.824753
-16.883990
-19.948525
-17.616380
-13.080501
-7.300782
0.495242
9.162613
14.066454
10.479134
-1.219943
-14.416299
-21.090090
-18.116581
-8.919236
0.684483
7.596103
12.237095
15.158225
14.437848
7.591271
-4.088377
-14.298388
-16.045701
-7.673440
5.551484
15.987363
19.654283
17.873322
13.736033
8.210152
0.473906
-8.450772
-13.946126
-11.040550
0.293051
13.700959
21.053544
18.833589
10.103475
0.582834
-6.511585
-11.478817
-14.848147
-14.668703
-8.271249
3.339825
14.002821
16.523950
8.802364
-4.254055
-15.027086
-19.277612
-18.050154
-14.328055
-9.082012
-1.438160
7.712226
13.783256
11.572027
0.642529
-12.932304
-20.937798
-19.476361
-11.242644
-1.842208
5.402411
10.672300
14.477724
14.844125
8.921801
-2.580666
-13.662606
-16.950559
-9.905625
2.937510
14.007125
18.820334
18.146392
14.854193
9.912794
2.393728
-6.949754
-13.578523
-12.071926
-1.583900
12.112608
20.742874
20.042182
12.332011
3.088169
-4.273600
-9.821257
-14.048773
-14.963822
-9.541038
1.813004
13.278331
17.323519
10.978906
-1.606992
-12.931700
-18.284621
-18.161911
-15.312373
-10.699125
-3.336883
6.166190
13.332715
12.538680
2.528104
-11.244361
-20.469109
-20.528651
-13.367058
-4.315325
3.130236
8.929578
13.563344
15.027717
10.127192
-1.038963
-12.850720
-17.640983
-12.017968
0.267725
11.805271
17.672981
18.096945
15.700832
11.437840
4.263975
-5.364411
-13.046728
-12.970791
-3.472130
10.330261
20.117156
20.933686
14.343504
5.518378
-1.977452
-8.001311
-13.023710
-15.035946
-10.678619
0.260677
12.380629
17.901274
13.018665
1.075008
-10.632512
-16.988246
-17.952081
-16.018122
-12.125998
-5.171450
4.547324
12.721561
13.366841
4.412926
-9.373206
-19.687982
-21.255538
-15.257320
-6.692152
0.820401
7.040645
12.432351
14.988851
11.193801
0.519706
-11.869052
-18.102895
-13.976964
-2.415889
9.418300
16.233560
17.728260
16.263114
12.760888
6.055861
-3.717860
-12.358313
-13.725492