
270.000000
90.000000
16.954034
90.000000
-14.003582
90.000000
191.282572
90.000000
197.123756
90.000000
183.697209
90.000000
142.665560
90.000000
-16.859852
90.000000
199.025704
90.000000
91.014581
90.000000
120.000000
90.000000
116.519844
90.000000
49.000453
90.000000
133.928719
90.000000
66.632269
90.000000
-76.619200
90.000000
200.862116
90.000000
90.826840
90.000000
-40.098032
90.000000
84.723348
90.000000
191.863106
90.000000
264.955764
90.000000
107.843963
90.000000
142.132916
90.000000
-11.014568
90.000000
55.379924
90.000000
99.575438
90.000000
154.674325
90.000000
-89.679109
90.000000
188.369057
90.000000
45.944566
90.000000
173.158540
90.000000
9.400581
90.000000
162.539873
90.000000
141.496028
90.000000
55.939719
90.000000
-44.482596
90.000000
211.902643
90.000000
236.934477
90.000000
24.260220
90.000000
227.506439
90.000000
247.757451
90.000000
219.091473
90.000000
126.286015
90.000000
223.685917
90.000000
151.517799
90.000000
-51.956854
90.000000
-39.134457
90.000000
144.200872
90.000000
-89.888098
90.000000
127.447353
90.000000
45.000000
90.000000
180.661773
90.000000
-50.963729
90.000000
235.934544
90.000000
107.224695
90.000000
262.329087
90.000000
-64.726774
90.000000
139.073817
90.000000
30.387705
90.000000
188.066822
90.000000
80.563407
90.000000
166.596833
90.000000
-8.851240
90.000000
54.019559
90.000000
56.824503
90.000000
133.177125
90.000000
66.236257
90.000000
236.513864
90.000000
-80.765971
90.000000
237.218970
90.000000
116.850950
90.000000
-5.322162
90.000000
248.334174
90.000000
240.904576
90.000000
80.283420
90.000000
50.721052
90.000000
107.295967
90.000000
207.215337
90.000000
8.849283
90.000000
196.665536
90.000000
168.546460
90.000000
171.465345
90.000000
98.142920
90.000000
160.496886
90.000000
71.602275
90.000000
160.339201
90.000000
-51.587258
90.000000
139.519568
90.000000
168.237585
90.000000
-87.797240
90.000000
122.629687
90.000000
90.000000
90.000000
135.820855
90.000000
257.219563
90.000000
9.579893
90.000000
43.581339
90.000000
6.608469
90.000000
168.509491
90.000000
14.535089
90.000000
-75.105099
90.000000
64.253943
90.000000
48.847101
90.000000
-64.007711
90.000000
-15.208229
90.000000
147.449661
90.000000
-80.265094
90.000000
-59.814513
90.000000
81.386792
90.000000
102.716668
90.000000
-77.734559
90.000000
55.822658
90.000000
-67.012670
90.000000
237.870883
90.000000
-52.640627
90.000000
255.211170
90.000000
170.909721
90.000000
-31.853472
90.000000
33.672995
90.000000
137.349393
90.000000
127.592693
90.000000
84.122823
90.000000
-64.475407
90.000000
130.139757
90.000000
100.484400
90.000000
107.222896
90.000000
25.689271
90.000000
49.290804
90.000000
-81.869898
90.000000
-26.077336
90.000000
55.367724
90.000000
41.788446
90.000000
15.317735
90.000000
81.591132
90.000000
105.415151
90.000000
225.146134
90.000000
-51.159635
90.000000
149.400425
90.000000
66.803575
90.000000
77.235837
90.000000
-83.035956
90.000000
-41.455717
90.000000
191.158675
90.000000
20.087039
90.000000
54.000776
90.000000
172.609299
90.000000
258.119897
90.000000
-31.002164
90.000000
5.337802
90.000000
69.592468
90.000000
176.452155
90.000000
217.698345
90.000000
130.032054
90.000000
37.487862
90.000000
-12.382622
90.000000
17.092248
90.000000
-41.312927
90.000000
195.339705
90.000000
219.951334
90.000000
-37.923284
90.000000
8.731239
90.000000
185.971939
90.000000
4.134278
90.000000
228.718620
90.000000
240.509810
90.000000
253.996404
90.000000
164.935460
90.000000
-7.388242
90.000000
71.042682
90.000000
100.891394
90.000000
70.297829
90.000000
250.171144
90.000000
7.052666
90.000000
216.699534
90.000000
263.497236
90.000000
135.412082
90.000000
-12.809040
90.000000
228.829813
90.000000
200.749014
90.000000
-56.780974
90.000000
68.434792
90.000000
76.131283
90.000000
197.804865
90.000000
68.356406
90.000000
-51.695975
90.000000
84.838401
90.000000
9.065167
90.000000
222.323446
90.000000
146.173047
90.000000
214.503037
90.000000
252.753793
90.000000
135.748237
90.000000
208.309606
90.000000
93.852266
90.000000
106.382899
90.000000
24.536415
90.000000
-10.452804
90.000000
175.231553
90.000000
-56.113552
90.000000
-76.084103
90.000000
0.660056
90.000000
-18.253023
90.000000
-26.201963
90.000000
-12.340002
90.000000
262.873002
90.000000
82.398957
90.000000
21.902883
90.000000
243.958435
90.000000
-34.323375
90.000000
232.945683
90.000000
-26.958453
90.000000
57.722401
90.000000
182.025381
90.000000
-44.815780
90.000000
267.464447
90.000000
159.386353
90.000000
90.768045
90.000000
125.010378
90.000000
23.313506
90.000000
-40.583215
90.000000
164.800378
90.000000
152.985053
90.000000
-66.675880
90.000000
-89.803162
90.000000
47.622968
90.000000
107.131611
90.000000
200.302324
90.000000
148.913559
90.000000
219.520290
90.000000
208.815944
90.000000
42.312188
90.000000
175.954603
90.000000
-72.713125
90.000000
-27.649132
90.000000
-59.234182
90.000000
-7.464810
90.000000
68.696574
90.000000
-30.916823
90.000000
119.326412
90.000000
248.931651
90.000000
197.595268
90.000000
54.523602
90.000000
94.318050
90.000000
172.275459
90.000000
66.615727
90.000000
39.166029
90.000000
103.488773
90.000000
152.089193
90.000000
172.455185
90.000000
146.717472
90.000000
146.646275
90.000000
64.521148
90.000000
85.047609
90.000000
-57.768819
90.000000
1.833709
90.000000
-49.637274
90.000000
90.000000