
90.000000
90.718089
91.435081
92.150108
92.861943
93.569726
94.272497
94.968924
95.658549
96.340039
97.012848
97.675888
98.328537
98.969864
99.599162
100.216013
100.819566
101.409082
101.984211
102.544544
107.315344
103.618604
104.131615
104.628176
105.107860
105.570858
106.016567
106.444879
106.855645
107.249050
107.624758
107.982707
108.323129
108.645644
108.950634
109.238060
109.507972
109.760501
109.995684
110.213802
110.414912
110.599045
110.766543
110.917510
111.052133
111.170643
111.273200
111.360021
111.431313
111.487323
111.528200
111.554313
111.565719
111.562819
111.545731
111.514718
111.470116
111.411928
111.340696
111.256399
111.159362
111.050105
110.928571
110.795046
110.649809
110.493238
110.325449
110.146717
109.957304
109.757536
109.547538
109.327767
109.098356
108.859497
108.611601
108.354829
108.089572
107.815884
107.534159
107.244795
106.947889
106.643708
106.332651
106.014779
105.690607
105.360172
105.023851
104.682052
104.334928
103.982583
103.625495
103.263918
102.898124
102.528202
102.154649
101.777555
101.397264
101.014073
100.628255
100.239816
99.849259
99.456804
-28.905990
98.667006
98.270170
97.872338
97.473795
97.074653
96.675281
96.275732
95.876310
95.477287
95.078802
94.680945
94.284075
93.888251
93.493705
93.100664
92.709206
92.319549
91.931825
91.546182
91.162722
90.781741
90.403209
90.027314
89.654173
89.283893
88.916567
88.552379
88.191307
87.833579
87.479167
87.128216
86.780771
86.436923
86.096740
85.760253
85.427589
85.098680
84.773705
84.452604
84.135409
83.822351
83.513255
83.208186
82.907226
82.610306
82.317532
82.028856
81.744282
81.463923
81.187659
80.915548
80.647535
80.383728
80.124021
79.868415
79.616928
79.369530
79.126217
78.886957
78.651732
78.420551
78.193348
77.970143
77.750851
77.535539
77.324089
77.116526
76.912787
76.712873
76.516706
76.324335
76.135668
75.950655
75.769285
75.591563
75.417379
75.246785
75.079690
74.916036
74.755826
74.599028
-34.247186
74.295471
74.148631
74.005070
73.864719
73.727531
73.593497
73.462557
73.334690
73.209856
73.088018
72.969134
72.853157
72.740102
72.629880
72.522472
72.417873
72.315961
72.216781
72.120288
72.026424
71.935179
71.846527
71.760363
71.676743
71.595573
71.516839
71.440550
71.366643
71.295039
71.225788
71.158788
71.094050
71.031555
70.971224
70.913100
70.857111
70.803190
70.751367
70.701599
70.653865
70.608105
70.564336
70.522491
70.482586
70.444548
70.408405
70.374070
70.341565
70.310859
70.281924
70.254720
70.229243
70.205465
70.183340
70.162910
70.144079
70.126878
70.111229
70.097195
70.084697
70.073693
70.064197
70.056207
70.049643
70.044580
70.040912
70.038657
70.037790
70.038289
70.040140
70.043329
70.047846
70.053636
70.060730
70.069073
70.078671
70.089507
70.101557
70.114809
70.129247
70.144852
70.161612
70.179516
70.198527
70.218680
70.239915
70.262231
70.285621
70.310057
70.335526
70.362049
70.389564
70.418102
70.447610
70.478113
70.509587
70.541984
70.575360
70.609617
70.644813
70.680919
70.717922
70.755798
70.794548
70.834167
70.874623
70.915938
70.958074
71.001029
71.044807
71.089358
71.134716
71.180846
71.227745
71.275416
71.323826
71.372993
71.422885
71.473505
71.524827
71.576880
71.629622
71.683051
71.737165
71.791950
71.847404
71.903512
71.960281
72.017674
72.075700
72.134373
72.193656
72.253551
72.314059
72.375148
72.436838
72.499107
72.561952
72.625373
72.689357
72.753892
72.818980
72.884611
72.950780
73.017479
73.084706
73.152445
73.220699
73.289462
73.358728
73.428480
73.498724
73.569455
73.640658
73.712341
73.784485
73.857093
73.930157
74.003668
74.077630
74.152025
74.226857
74.302123
74.377816
74.453920
74.530442
74.607379
74.684721
74.762461
74.840598
74.919128
74.998041
75.077345
75.157025
75.237075
75.317496
75.398283
75.479430
75.560936
75.642794
75.725001
75.807551
75.890444
75.973676
76.057234
76.141122
76.225339
76.309876
76.394729
76.479896
76.565374
76.651155
76.737246
76.823631
76.910314
76.997289
77.084552
77.172098
77.259931
77.348038
77.436424
77.525081
77.614006
77.703196
77.792650
77.882364
77.972332
78.062555
78.153025
78.243742
78.334705
78.425910
78.517349
78.609027
78.700933
78.793072
78.885434
78.978023
79.070829
79.163858
79.257095
79.350551
79.444212
79.538082
79.632157
79.726433
79.820909
79.915582
80.010447
80.105505
80.200751
80.296186
80.391801
80.487599
80.583577
80.679731
80.776058
80.872559
80.969227
81.066062
81.163064
81.260228
81.357551
81.455032
81.552669
81.650457
81.748399
81.846489
81.944725
82.043105
82.141628
82.240292
82.339092
82.438030
82.537098
82.636299
82.735630
82.835088
82.934672
83.034379
83.134206
83.234153
83.334217
83.434397
83.534688
83.635091
83.735604
83.836223
83.936948
84.037776
84.138705
84.239733
84.340860
84.442081
84.543396
84.644804
84.746300
84.847885
84.949556
85.051312
85.153150
85.255069
85.357066
85.459140
85.561289
85.663512
85.765806
85.868171
85.970603
86.073101
86.175664
86.278289
86.380975
86.483720
86.586523
86.689381
86.792294
86.895258
86.998273
87.101337
87.204447
87.307603
87.410802
87.514044
87.617325
87.720645
87.824001
87.927393
88.030818
88.134274
88.237761
88.341276
88.444817
88.548384
88.651973
88.755585
88.859216
88.962866
89.066532
89.170213
89.273907
89.377613
89.481329
89.585053
89.688784
89.792520
89.896259
90.000000