
0.000000
0.976562
1.953125
2.929688
3.906250
4.882812
5.859375
6.835938
7.812500
8.789062
9.765625
10.742188
11.718750
12.695312
13.671875
14.648438
15.625000
16.601562
17.578125
18.554688
19.531250
20.507812
21.484375
22.460938
23.437500
24.414062
25.390625
26.367188
27.343750
28.320312
29.296875
30.273438
31.250000
32.226562
33.203125
34.179688
35.156250
36.132812
37.109375
38.085938
39.062500
40.039062
41.015625
41.992188
42.968750
43.945312
44.921875
45.898438
46.875000
47.851562
48.828125
49.804688
50.781250
51.757812
52.734375
53.710938
54.687500
55.664062
56.640625
57.617188
58.593750
59.570312
60.546875
61.523438
62.500000
63.476562
64.453125
65.429688
66.406250
67.382812
68.359375
69.335938
70.312500
71.289062
72.265625
73.242188
74.218750
75.195312
76.171875
77.148438
78.125000
79.101562
80.078125
81.054688
82.031250
83.007812
83.984375
84.960938
85.937500
86.914062
87.890625
88.867188
89.843750
90.820312
91.796875
92.773438
93.750000
94.726562
95.703125
96.679688
97.656250
98.632812
99.609375
100.585938
101.562500
102.539062
103.515625
104.492188
105.468750
106.445312
107.421875
108.398438
109.375000
110.351562
111.328125
112.304688
113.281250
114.257812
115.234375
116.210938
117.187500
118.164062
119.140625
120.117188
121.093750
122.070312
123.046875
124.023438
125.000000
125.976562
126.953125
127.929688
128.906250
129.882812
130.859375
131.835938
132.812500
133.789062
134.765625
135.742188
136.718750
137.695312
138.671875
139.648438
140.625000
141.601562
142.578125
143.554688
144.531250
145.507812
146.484375
147.460938
148.437500
149.414062
150.390625
151.367188
152.343750
153.320312
154.296875
155.273438
156.250000
157.226562
158.203125
159.179688
160.156250
161.132812
162.109375
163.085938
164.062500
165.039062
166.015625
166.992188
167.968750
168.945312
169.921875
170.898438
171.875000
172.851562
173.828125
174.804688
175.781250
176.757812
177.734375
178.710938
179.687500
180.664062
181.640625
182.617188
183.593750
184.570312
185.546875
186.523438
187.500000
188.476562
189.453125
190.429688
191.406250
192.382812
193.359375
194.335938
195.312500
196.289062
197.265625
198.242188
199.218750
200.195312
201.171875
202.148438
203.125000
204.101562
205.078125
206.054688
207.031250
208.007812
208.984375
209.960938
210.937500
211.914062
212.890625
213.867188
214.843750
215.820312
216.796875
217.773438
218.750000
219.726562
220.703125
221.679688
222.656250
223.632812
224.609375
225.585938
226.562500
227.539062
228.515625
229.492188
230.468750
231.445312
232.421875
233.398438
234.375000
235.351562
236.328125
237.304688
238.281250
239.257812
240.234375
241.210938
242.187500
243.164062
244.140625
245.117188
246.093750
247.070312
248.046875
249.023438
250.000000
250.976562
251.953125
252.929688
253.906250
254.882812
255.859375
256.835938
257.812500
258.789062
259.765625
260.742188
261.718750
262.695312
263.671875
264.648438
265.625000
266.601562
267.578125
268.554688
269.531250
270.507812
271.484375
272.460938
273.437500
274.414062
275.390625
276.367188
277.343750
278.320312
279.296875
280.273438
281.250000
282.226562
283.203125
284.179688
285.156250
286.132812
287.109375
288.085938
289.062500
290.039062
291.015625
291.992188
292.968750
293.945312
294.921875
295.898438
296.875000
297.851562
298.828125
299.804688
300.781250
301.757812
302.734375
303.710938
304.687500
305.664062
306.640625
307.617188
308.593750
309.570312
310.546875
311.523438
312.500000
313.476562
314.453125
315.429688
316.406250
317.382812
318.359375
319.335938
320.312500
321.289062
322.265625
323.242188
324.218750
325.195312
326.171875
327.148438
328.125000
329.101562
330.078125
331.054688
332.031250
333.007812
333.984375
334.960938
335.937500
336.914062
337.890625
338.867188
339.843750
340.820312
341.796875
342.773438
343.750000
344.726562
345.703125
346.679688
347.656250
348.632812
349.609375
350.585938
351.562500
352.539062
353.515625
354.492188
355.468750
356.445312
357.421875
358.398438
359.375000
360.351562
361.328125
362.304688
363.281250
364.257812
365.234375
366.210938
367.187500
368.164062
369.140625
370.117188
371.093750
372.070312
373.046875
374.023438
375.000000
375.976562
376.953125
377.929688
378.906250
379.882812
380.859375
381.835938
382.812500
383.789062
384.765625
385.742188
386.718750
387.695312
388.671875
389.648438
390.625000
391.601562
392.578125
393.554688
394.531250
395.507812
396.484375
397.460938
398.437500
399.414062
400.390625
401.367188
402.343750
403.320312
404.296875
405.273438
406.250000
407.226562
408.203125
409.179688
410.156250
411.132812
412.109375
413.085938
414.062500
415.039062
416.015625
416.992188
417.968750
418.945312
419.921875
420.898438
421.875000
422.851562
423.828125
424.804688
425.781250
426.757812
427.734375
428.710938
429.687500
430.664062
431.640625
432.617188
433.593750
434.570312
435.546875
436.523438
437.500000
438.476562
439.453125
440.429688
441.406250
442.382812
443.359375
444.335938
445.312500
446.289062
447.265625
448.242188
449.218750
450.195312
451.171875
452.148438
453.125000
454.101562
455.078125
456.054688
457.031250
458.007812
458.984375
459.960938
460.937500
461.914062
462.890625
463.867188
464.843750
465.820312
466.796875
467.773438
468.750000
469.726562
470.703125
471.679688
472.656250
473.632812
474.609375
475.585938
476.562500
477.539062
478.515625
479.492188
480.468750
481.445312
482.421875
483.398438
484.375000
485.351562
486.328125
487.304688
488.281250
489.257812
490.234375
491.210938
492.187500
493.164062
494.140625
495.117188
496.093750
497.070312
498.046875
499.023438
500.000000