
90.000000
90.000000
60.345693
90.000000
-61.968972
90.000000
111.239333
90.000000
48.830646
90.000000
80.710761
90.000000
27.417819
90.000000
134.792157
90.000000
63.722480
90.000000
80.074181
90.000000
120.000000
90.000000
219.330347
90.000000
16.170931
90.000000
199.791413
90.000000
67.842412
90.000000
-74.107593
90.000000
14.942096
90.000000
252.275278
90.000000
211.468280
90.000000
-13.471379
90.000000
-11.579319
90.000000
-79.610966
90.000000
259.633820
90.000000
264.647769
90.000000
-78.231375
90.000000
49.118365
90.000000
153.060175
90.000000
71.148273
90.000000
96.088983
90.000000
6.523390
90.000000
256.693356
90.000000
-69.297564
90.000000
265.089288
90.000000
87.848000
90.000000
66.816407
90.000000
113.300560
90.000000
167.821491
90.000000
47.339302
90.000000
141.006494
90.000000
135.573889
90.000000
52.620123
90.000000
172.591425
90.000000
81.801544
90.000000
135.319143
90.000000
-76.133264
90.000000
194.375440
90.000000
-6.434033
90.000000
-84.769701
90.000000
-5.889617
90.000000
120.899791
90.000000
215.818292
90.000000
45.000000
90.000000
-39.093053
90.000000
172.599129
90.000000
-72.558312
90.000000
4.472600
90.000000
239.691523
90.000000
37.929337
90.000000
-42.265700
90.000000
62.472368
90.000000
247.978497
90.000000
142.076344
90.000000
144.214289
90.000000
147.975681
90.000000
102.885478
90.000000
-87.881784
90.000000
260.355989
90.000000
26.115466
90.000000
-88.773124
90.000000
24.288262
90.000000
36.991618
90.000000
-37.945839
90.000000
206.163895
90.000000
200.874920
90.000000
-43.111490
90.000000
137.576893
90.000000
81.371498
90.000000
-3.552251
90.000000
229.810869
90.000000
-80.740000
90.000000
237.271838
90.000000
211.559299
90.000000
109.612334
90.000000
70.051974
90.000000
-88.354460
90.000000
-45.930038
90.000000
164.399045
90.000000
138.969959
90.000000
50.241450
90.000000
173.336559
90.000000
100.983259
90.000000
-30.638953
90.000000
226.859398
90.000000
44.524013
90.000000
-28.905956
90.000000
-28.733488
90.000000
192.403851
90.000000
-34.860005
90.000000
120.311630
90.000000
-66.957917
90.000000
241.045706
90.000000
40.965741
90.000000
133.384698
90.000000
32.585377
90.000000
176.230280
90.000000
115.049423
90.000000
152.281700
90.000000
256.021522
90.000000
39.551728
90.000000
108.058885
90.000000
2.518141
90.000000
43.935685
90.000000
0.751984
90.000000
84.275530
90.000000
142.162729
90.000000
66.028276
90.000000
140.164367
90.000000
14.595946
90.000000
-88.048410
90.000000
32.992838
90.000000
133.789880
90.000000
103.957399
90.000000
50.001446
90.000000
81.438931
90.000000
-85.058454
90.000000
172.956746
90.000000
268.538741
90.000000
79.940712
90.000000
-20.556045
90.000000
228.183908
90.000000
89.154467
90.000000
-22.086402
90.000000
177.227573
90.000000
84.711172
90.000000
206.872596
90.000000
-20.467610
90.000000
125.952017
90.000000
126.126145
90.000000
10.646404
90.000000
-32.569641
90.000000
122.808232
90.000000
162.384854
90.000000
-44.014430
90.000000
259.045904
90.000000
97.105677
90.000000
233.509733
90.000000
246.573679
90.000000
-9.585676
90.000000
133.042426
90.000000
52.039563
90.000000
-54.250512
90.000000
-41.929117
90.000000
-24.450215
90.000000
64.992325
90.000000
-10.104416
90.000000
126.895993
90.000000
146.053099
90.000000
-7.924267
90.000000
55.609266
90.000000
0.013756
90.000000
111.946670
90.000000
204.519569
90.000000
105.404777
90.000000
221.968180
90.000000
172.740388
90.000000
137.446727
90.000000
52.392359
90.000000
166.514468
90.000000
49.005123
90.000000
72.160921
90.000000
221.816805
90.000000
159.495726
90.000000
-85.503302
90.000000
56.473570
90.000000
-48.527627
90.000000
-76.827601
90.000000
154.195252
90.000000
141.078892
90.000000
47.822374
90.000000
171.713255
90.000000
137.193134
90.000000
-83.405198
90.000000
119.191176
90.000000
224.964472
90.000000
244.510369
90.000000
152.469160
90.000000
-31.495417
90.000000
-3.307142
90.000000
60.930082
90.000000
67.558513
90.000000
99.378395
90.000000
-35.907167
90.000000
187.332507
90.000000
177.512231
90.000000
-24.873966
90.000000
123.841082
90.000000
197.066127
90.000000
67.313633
90.000000
211.910721
90.000000
148.436553
90.000000
52.922151
90.000000
157.961937
90.000000
51.154744
90.000000
-16.255936
90.000000
122.150200
90.000000
132.584723
90.000000
200.051059
90.000000
-82.692954
90.000000
-46.389253
90.000000
7.053328
90.000000
165.091433
90.000000
-65.700491
90.000000
58.269328
90.000000
186.650717
90.000000
109.883397
90.000000
190.112592
90.000000
-21.384231
90.000000
242.668941
90.000000
-64.498146
90.000000
120.416061
90.000000
124.852848
90.000000
178.435401
90.000000
23.070373
90.000000
173.434566
90.000000
-11.618077
90.000000
6.777862
90.000000
40.186694
90.000000
-66.956591
90.000000
18.210335
90.000000
202.921106
90.000000
149.348383
90.000000
175.779584
90.000000
-17.342573
90.000000
234.713743
90.000000
88.596924
90.000000
-68.343910
90.000000
85.452364
90.000000
68.329215
90.000000
-63.102504
90.000000
-17.152780
90.000000
25.336289
90.000000
188.022769
90.000000
266.162808
90.000000
-70.617763
90.000000
241.083829
90.000000
128.213202
90.000000
68.467860
90.000000
33.872783
90.000000
32.128045
90.000000
13.666732
90.000000
197.457447
90.000000
168.823701
90.000000
128.519226
90.000000
242.780414
90.000000
241.454618
90.000000
100.944833
90.000000
270.000000