
90.000000
-11.083788
60.345693
36.692607
-61.968970
146.942592
111.239333
174.237367
48.830650
36.341994
80.710757
108.576356
27.417805
-23.866927
134.792167
59.591679
63.722482
-161.914919
80.074183
111.986419
120.000000
135.027963
-140.669633
-8.816549
16.170926
12.243984
-160.208584
-83.028334
67.842413
106.460015
-74.107597
128.080898
14.942094
-72.645975
-107.724724
45.211423
-148.531719
167.960994
-13.471389
-2.199159
-11.579321
-32.735226
-79.610962
-90.567326
-100.366154
127.197357
-95.352225
-59.700178
-78.231370
68.699024
49.118362
32.974402
153.060171
31.912849
71.148239
-142.959204
96.088924
-151.195619
6.523374
-2.137775
-103.306614
17.431933
-69.297545
-80.769552
-94.910713
-6.858894
87.848000
137.386525
66.816421
-158.326010
113.300552
94.180537
167.821472
16.829256
47.339277
17.539860
141.006495
15.695277
135.573890
-174.823123
52.620121
29.593221
172.591403
-117.516918
81.801532
-63.011738
135.319130
35.069640
-76.133174
-2.305967
-165.624546
-48.175364
-6.434010
96.874944
-84.769745
135.248570
-5.889603
56.184083
120.899702
-111.327234
-144.181711
54.117533
45.000000
-131.177406
-39.092786
29.924351
172.599222
-140.346539
-72.558607
-146.191467
4.472608
-99.285733
-120.308479
-151.696059
37.929321
119.564642
-42.265660
-157.867843
62.472338
-125.153913
-112.021512
-131.696982
142.076256
-26.965714
144.214338
-20.323137
147.975679
15.691751
102.885484
-110.304283
-87.881783
-84.141061
-99.644011
-173.770262
26.115469
-175.385527
-88.773051
19.967425
24.288224
-53.600873
36.991601
-124.714890
-37.945825
42.566710
-153.836096
-127.643247
-159.125065
-68.888567
-43.111493
-111.449972
137.576893
-141.282492
81.371552
112.130097
-3.552212
-48.167963
-130.189130
-114.679151
-80.740002
-71.210481
-122.728127
19.157329
-148.440698
-46.330770
109.612337
150.201408
70.051954
36.523269
-88.354460
146.725724
-45.930045
-96.023402
164.399015
-127.980976
138.969986
-67.678215
50.241450
114.020319
173.336548
-0.965739
100.983291
-93.991634
-30.638959
160.906508
-133.140547
-151.926794
44.523990
-132.030516
-28.906302
22.272045
-28.733483
-94.570352
-167.596087
-13.818224
-34.859865
-151.034716
120.311628
170.263149
-66.957902
-128.198003
-118.954303
144.572872
40.965902
-39.393524
133.384823
83.565754
32.585403
-25.885117
176.230276
-146.361784
115.049392
148.260210
152.281696
-6.744362
-103.978487
-163.315924
39.551761
-129.008749
108.058902
89.360725
2.518308
72.486952
43.935662
71.799665
0.752006
28.373553
84.275501
-107.431727
142.162701
-143.864521
66.028192
-53.902436
140.164362
125.583068
14.595924
67.063081
-88.048439
175.249258
32.992811
-108.077651
133.789775
173.768606
103.957445
71.588270
50.001469
-177.003983
81.438933
-66.924685
-85.058436
-60.799475
172.956757
-54.889937
-91.461233
49.355408
79.940711
133.663056
-20.556043
1.622667
-131.815858
-38.279200
89.154499
-37.756561
-22.086345
132.629190
177.227638
149.568995
84.711156
-146.141994
-153.127435
-48.345788
-20.467615
41.384615
125.952005
68.763223
126.126145
174.633922
10.646439
135.740959
-32.569644
-104.618285
122.808233
138.274131
162.384867
90.730795
-44.014431
12.029889
-100.953918
-10.458904
97.105738
107.674957
-126.490284
145.338564
-113.426379
49.991776
-9.585674
-123.218706
133.042418
-39.987895
52.039582
-155.729379
-54.250479
97.154793
-41.929286
128.632716
-24.450270
-32.901201
64.992326
-123.756430
-10.104410
-46.203235
126.895947
-27.901647
146.053095
-143.374837
-7.924247
-78.968386
55.609277
-158.325097
0.013759
29.575804
111.946631
140.397446
-155.480463
124.498062
105.404774
-122.788762
-138.031824
-35.643395
172.740392
-157.643623
137.446756
-140.304516
52.392367
140.968202
166.514498
1.047763
49.005103
-179.813546
72.160859
17.155191
-138.183287
-3.702522
159.495760
-10.786150
-85.503247
-66.600888
56.473501
-151.869703
-48.527685
-83.803838
-76.827614
12.347885
154.195347
69.664641
141.078821
123.672598
47.822124
-174.226335
171.713277
-113.033290
137.193068
-149.796121
-83.405188
163.013018
119.191175
-149.425667
-135.035502
-51.531341
-115.489620
-45.299734
152.469153
51.744093
-31.495447
128.339594
-3.307022
-30.167630
60.930006
-57.848110
67.558265
22.933898
99.378477
168.198018
-35.907208
-11.119217
-172.667520
26.632221
177.512131
0.698312
-24.873879
-163.313910
123.841190
146.772423
-162.933827
-3.983508
67.313605
-178.519317
-148.088465
114.392595
148.436537
22.777527
52.922097
-137.722717
157.962095
66.088146
51.154684
15.541265
-16.255933
-109.326062
122.150266
50.085937
132.584635
72.920466
-159.948547
60.289276
-82.693335
-55.590953
-46.389244
150.851879
7.053317
85.696210
165.091342
170.741917
-65.700491
-61.592076
58.272306
-31.302053
-173.349302
103.554283
109.883423
-97.399309
-169.887269
98.040648
-21.384275
140.766245
-117.331355
-45.312973
-64.498083
104.854246
120.416032
38.880027
124.852845
-62.093854
178.435410
80.825986
23.070439
81.886677
173.434661
-41.360054
-11.618329
-108.018744
6.777886
-53.223917
40.186704
10.155032
-66.956576
162.898282
18.210312
12.194111
-157.078949
142.092335
149.348378
-78.698941
175.779564
9.073967
-17.342580
125.374037
-125.286286
143.615735
88.596941
78.212110
-68.343994
178.191577
85.452477
120.246175
68.329035
122.273633
-63.102532
49.234578
-17.152794
66.191199
25.337272
-7.937377
-171.977205
-96.729886
-93.837127
-128.215405
-70.617774
125.491361
-118.916009
-103.122398
128.213210
122.531015
68.468191
44.637915
33.872710
-130.883422
32.128125
45.269005
13.666687
-176.069959
-162.542569
-6.297847
168.823542
-159.351740
128.519371
-11.105829
-117.219554
-11.129490
-118.545453
-50.809047
100.944795
-65.152787
-90.000009