
0.019076
0.038153
0.038154
0.038155
0.038157
0.038160
0.038164
0.038168
0.038174
0.038180
0.038188
0.038196
0.038206
0.038217
0.038230
0.038244
0.038259
0.038277
0.038297
0.038318
0.041021
0.038368
0.038396
0.038427
0.038460
0.038496
0.038535
0.038577
0.038621
0.038669
0.038719
0.038773
0.038830
0.038891
0.038955
0.039023
0.039095
0.039172
0.039252
0.039338
0.039428
0.039524
0.039626
0.039735
0.039850
0.039974
0.040105
0.040246
0.040397
0.040559
0.040732
0.040918
0.041118
0.041333
0.041563
0.041810
0.042075
0.042358
0.042661
0.042983
0.043326
0.043691
0.044077
0.044484
0.044913
0.045363
0.045834
0.046325
0.046836
0.047365
0.047910
0.048471
0.049045
0.049631
0.050227
0.050830
0.051437
0.052048
0.052658
0.053265
0.053867
0.054461
0.055044
0.055613
0.056166
0.056701
0.057215
0.057705
0.058170
0.058606
0.059014
0.059390
0.059732
0.060041
0.060314
0.060550
0.060749
0.060911
0.061033
0.061117
0.061163
0.061170
17.014293
0.061071
0.060966
0.060825
0.060650
0.060441
0.060199
0.059926
0.059624
0.059295
0.058939
0.058558
0.058156
0.057732
0.057289
0.056829
0.056354
0.055865
0.055365
0.054854
0.054336
0.053810
0.053280
0.052746
0.052210
0.051673
0.051137
0.050602
0.050069
0.049541
0.049017
0.048498
0.047986
0.047480
0.046981
0.046490
0.046007
0.045532
0.045066
0.044608
0.044159
0.043720
0.043289
0.042867
0.042454
0.042049
0.041653
0.041266
0.040887
0.040516
0.040152
0.039796
0.039448
0.039107
0.038773
0.038445
0.038124
0.037810
0.037502
0.037199
0.036902
0.036611
0.036325
0.036045
0.035769
0.035499
0.035233
0.034972
0.034716
0.034464
0.034217
0.033973
0.033734
0.033499
0.033268
0.033041
0.032818
0.032599
0.032383
0.032171
0.031963
0.031757
9.981410
0.031357
0.031162
0.030970
0.030782
0.030596
0.030413
0.030233
0.030056
0.029881
0.029709
0.029540
0.029373
0.029209
0.029047
0.028887
0.028730
0.028575
0.028422
0.028271
0.028122
0.027975
0.027830
0.027687
0.027546
0.027406
0.027269
0.027133
0.026999
0.026866
0.026735
0.026606
0.026478
0.026352
0.026228
0.026105
0.025984
0.025864
0.025745
0.025628
0.025512
0.025398
0.025286
0.025174
0.025064
0.024955
0.024848
0.024742
0.024637
0.024533
0.024431
0.024330
0.024230
0.024131
0.024033
0.023937
0.023841
0.023747
0.023654
0.023561
0.023470
0.023380
0.023291
0.023202
0.023115
0.023029
0.022943
0.022859
0.022775
0.022693
0.022611
0.022530
0.022450
0.022371
0.022292
0.022214
0.022138
0.022062
0.021986
0.021912
0.021838
0.021765
0.021693
0.021622
0.021551
0.021481
0.021412
0.021343
0.021275
0.021208
0.021141
0.021076
0.021010
0.020946
0.020882
0.020819
0.020756
0.020694
0.020633
0.020572
0.020512
0.020452
0.020393
0.020335
0.020277
0.020220
0.020163
0.020107
0.020051
0.019996
0.019941
0.019887
0.019834
0.019781
0.019728
0.019676
0.019624
0.019573
0.019523
0.019473
0.019423
0.019374
0.019325
0.019277
0.019229
0.019182
0.019135
0.019088
0.019042
0.018997
0.018951
0.018907
0.018862
0.018818
0.018775
0.018732
0.018689
0.018647
0.018605
0.018563
0.018522
0.018482
0.018441
0.018401
0.018362
0.018322
0.018284
0.018245
0.018207
0.018169
0.018132
0.018095
0.018058
0.018021
0.017985
0.017950
0.017914
0.017879
0.017844
0.017810
0.017776
0.017742
0.017708
0.017675
0.017642
0.017610
0.017578
0.017546
0.017514
0.017483
0.017452
0.017421
0.017391
0.017360
0.017331
0.017301
0.017272
0.017243
0.017214
0.017185
0.017157
0.017129
0.017102
0.017074
0.017047
0.017020
0.016994
0.016967
0.016941
0.016916
0.016890
0.016865
0.016840
0.016815
0.016790
0.016766
0.016742
0.016718
0.016694
0.016671
0.016648
0.016625
0.016602
0.016580
0.016558
0.016536
0.016514
0.016493
0.016471
0.016450
0.016430
0.016409
0.016389
0.016369
0.016349
0.016329
0.016309
0.016290
0.016271
0.016252
0.016233
0.016215
0.016197
0.016179
0.016161
0.016143
0.016126
0.016109
0.016092
0.016075
0.016058
0.016042
0.016026
0.016010
0.015994
0.015978
0.015963
0.015948
0.015933
0.015918
0.015903
0.015889
0.015874
0.015860
0.015846
0.015833
0.015819
0.015806
0.015792
0.015779
0.015767
0.015754
0.015742
0.015729
0.015717
0.015705
0.015694
0.015682
0.015671
0.015659
0.015648
0.015638
0.015627
0.015616
0.015606
0.015596
0.015586
0.015576
0.015566
0.015557
0.015548
0.015538
0.015529
0.015521
0.015512
0.015504
0.015495
0.015487
0.015479
0.015471
0.015464
0.015456
0.015449
0.015442
0.015435
0.015428
0.015421
0.015415
0.015408
0.015402
0.015396
0.015390
0.015385
0.015379
0.015374
0.015368
0.015363
0.015358
0.015354
0.015349
0.015345
0.015340
0.015336
0.015332
0.015329
0.015325
0.015321
0.015318
0.015315
0.015312
0.015309
0.015306
0.015304
0.015301
0.015299
0.015297
0.015295
0.015293
0.015292
0.015290
0.015289
0.015288
0.015287
0.015286
0.015285
0.015285
0.015284
0.015284
0.007642