
0.001572
0.003270
0.003622
0.004143
0.004783
0.005502
0.006276
0.007092
0.007939
0.008813
0.009710
0.010628
0.011566
0.012522
0.013496
0.014487
0.015496
0.016522
0.017563
0.018621
4.765041
0.020781
0.021882
0.022997
0.024123
0.025261
0.026408
0.027564
0.028727
0.029896
0.031069
0.032244
0.033420
0.034594
0.035765
0.036931
0.038089
0.039238
0.040375
0.041499
0.042607
0.043697
0.044767
0.045814
0.046838
0.047835
0.048804
0.049743
0.050651
0.051526
0.052365
0.053169
0.053935
0.054662
0.055351
0.055999
0.056606
0.057171
0.057696
0.058178
0.058619
0.059018
0.059377
0.059695
0.059973
0.060213
0.060415
0.060581
0.060712
0.060810
0.060876
0.060912
0.060919
0.060901
0.060858
0.060793
0.060708
0.060605
0.060487
0.060354
0.060210
0.060056
0.059894
0.059727
0.059556
0.059382
0.059208
0.059034
0.058862
0.058694
0.058530
0.058371
0.058217
0.058069
0.057928
0.057793
0.057665
0.057543
0.057426
0.057313
0.057205
0.057100
0.274969
0.056894
0.056790
0.056683
0.056572
0.056454
0.056329
0.056193
0.056045
0.055883
0.055704
0.055508
0.055290
0.055050
0.054786
0.054496
0.054177
0.053829
0.053449
0.053037
0.052591
0.052110
0.051593
0.051040
0.050450
0.049823
0.049158
0.048457
0.047719
0.046945
0.046136
0.045294
0.044418
0.043512
0.042576
0.041613
0.040625
0.039614
0.038582
0.037533
0.036468
0.035392
0.034306
0.033214
0.032120
0.031026
0.029935
0.028852
0.027779
0.026720
0.025679
0.024658
0.023660
0.022690
0.021750
0.020843
0.019972
0.019140
0.018348
0.017601
0.016898
0.016242
0.015634
0.015075
0.014565
0.014104
0.013691
0.013324
0.013002
0.012722
0.012482
0.012279
0.012109
0.011969
0.011856
0.011766
0.011696
0.011642
0.011603
0.011575
0.011556
0.011544
9.885928
0.011534
0.011534
0.011535
0.011536
0.011538
0.011539
0.011539
0.011537
0.011534
0.011530
0.011524
0.011516
0.011507
0.011496
0.011484
0.011470
0.011455
0.011439
0.011423
0.011405
0.011386
0.011366
0.011346
0.011326
0.011305
0.011283
0.011261
0.011239
0.011217
0.011194
0.011172
0.011149
0.011125
0.011102
0.011079
0.011055
0.011032
0.011008
0.010984
0.010961
0.010937
0.010913
0.010888
0.010864
0.010840
0.010816
0.010791
0.010767
0.010742
0.010718
0.010693
0.010668
0.010643
0.010619
0.010594
0.010569
0.010544
0.010519
0.010495
0.010470
0.010445
0.010421
0.010396
0.010372
0.010347
0.010323
0.010299
0.010275
0.010251
0.010227
0.010203
0.010179
0.010156
0.010132
0.010109
0.010086
0.010063
0.010040
0.010017
0.009994
0.009971
0.009949
0.009926
0.009904
0.009882
0.009860
0.009838
0.009816
0.009794
0.009773
0.009751
0.009730
0.009708
0.009687
0.009666
0.009645
0.009624
0.009603
0.009583
0.009562
0.009542
0.009521
0.009501
0.009481
0.009461
0.009441
0.009422
0.009402
0.009383
0.009363
0.009344
0.009325
0.009306
0.009288
0.009269
0.009250
0.009232
0.009214
0.009196
0.009178
0.009160
0.009142
0.009124
0.009107
0.009089
0.009072
0.009055
0.009038
0.009021
0.009004
0.008988
0.008971
0.008955
0.008938
0.008922
0.008906
0.008890
0.008874
0.008858
0.008843
0.008827
0.008812
0.008796
0.008781
0.008766
0.008751
0.008736
0.008722
0.008707
0.008692
0.008678
0.008664
0.008650
0.008635
0.008621
0.008608
0.008594
0.008580
0.008567
0.008553
0.008540
0.008527
0.008514
0.008501
0.008488
0.008475
0.008462
0.008450
0.008437
0.008425
0.008413
0.008401
0.008388
0.008376
0.008365
0.008353
0.008341
0.008330
0.008318
0.008307
0.008295
0.008284
0.008273
0.008262
0.008251
0.008240
0.008230
0.008219
0.008209
0.008198
0.008188
0.008177
0.008167
0.008157
0.008147
0.008137
0.008128
0.008118
0.008108
0.008099
0.008089
0.008080
0.008071
0.008062
0.008053
0.008044
0.008035
0.008026
0.008017
0.008009
0.008000
0.007992
0.007983
0.007975
0.007967
0.007958
0.007950
0.007942
0.007935
0.007927
0.007919
0.007911
0.007904
0.007896
0.007889
0.007882
0.007874
0.007867
0.007860
0.007853
0.007846
0.007840
0.007833
0.007826
0.007820
0.007813
0.007807
0.007800
0.007794
0.007788
0.007782
0.007776
0.007770
0.007764
0.007758
0.007752
0.007746
0.007741
0.007735
0.007730
0.007725
0.007719
0.007714
0.007709
0.007704
0.007699
0.007694
0.007689
0.007684
0.007680
0.007675
0.007670
0.007666
0.007661
0.007657
0.007653
0.007649
0.007645
0.007640
0.007636
0.007633
0.007629
0.007625
0.007621
0.007618
0.007614
0.007611
0.007607
0.007604
0.007601
0.007597
0.007594
0.007591
0.007588
0.007585
0.007582
0.007580
0.007577
0.007574
0.007572
0.007569
0.007567
0.007564
0.007562
0.007560
0.007557
0.007555
0.007553
0.007551
0.007549
0.007548
0.007546
0.007544
0.007542
0.007541
0.007539
0.007538
0.007537
0.007535
0.007534
0.007533
0.007532
0.007531
0.007530
0.007529
0.007528
0.007527
0.007526
0.007526
0.007525
0.007525
0.007524
0.007524
0.007524
0.007524
0.007523
0.007523
0.003762