
0.019038
0.038077
0.038080
0.038085
0.038092
0.038100
0.038111
0.038124
0.038138
0.038155
0.038174
0.038195
0.038218
0.038243
0.038271
0.038301
0.038333
0.038367
0.038404
0.038443
4.965254
0.038530
0.038576
0.038626
0.038678
0.038733
0.038790
0.038850
0.038913
0.038978
0.039046
0.039117
0.039191
0.039267
0.039346
0.039428
0.039513
0.039601
0.039691
0.039785
0.039881
0.039981
0.040084
0.040190
0.040299
0.040411
0.040527
0.040647
0.040770
0.040896
0.041027
0.041162
0.041300
0.041443
0.041590
0.041741
0.041897
0.042057
0.042222
0.042391
0.042565
0.042743
0.042926
0.043112
0.043303
0.043497
0.043695
0.043896
0.044099
0.044305
0.044512
0.044720
0.044928
0.045135
0.045340
0.045543
0.045742
0.045937
0.046125
0.046306
0.046479
0.046641
0.046792
0.046930
0.047054
0.047162
0.047253
0.047325
0.047377
0.047407
0.047415
0.047399
0.047357
0.047289
0.047193
0.047070
0.046918
0.046736
0.046526
0.046285
0.046015
0.045715
17.231772
0.045031
0.044647
0.044238
0.043804
0.043348
0.042871
0.042376
0.041864
0.041339
0.040804
0.040262
0.039715
0.039168
0.038624
0.038086
0.037559
0.037046
0.036550
0.036075
0.035624
0.035201
0.034807
0.034447
0.034121
0.033831
0.033579
0.033365
0.033189
0.033050
0.032948
0.032882
0.032848
0.032847
0.032874
0.032927
0.033003
0.033099
0.033211
0.033338
0.033475
0.033619
0.033769
0.033920
0.034071
0.034220
0.034364
0.034501
0.034630
0.034750
0.034859
0.034956
0.035042
0.035115
0.035174
0.035220
0.035253
0.035273
0.035280
0.035275
0.035257
0.035227
0.035187
0.035135
0.035074
0.035004
0.034925
0.034839
0.034745
0.034644
0.034538
0.034427
0.034311
0.034191
0.034068
0.033942
0.033813
0.033682
0.033550
0.033416
0.033282
0.033147
0.033556
0.032875
0.032739
0.032604
0.032469
0.032334
0.032200
0.032066
0.031933
0.031801
0.031670
0.031539
0.031410
0.031281
0.031153
0.031025
0.030899
0.030773
0.030648
0.030524
0.030400
0.030278
0.030156
0.030035
0.029914
0.029795
0.029676
0.029558
0.029440
0.029324
0.029208
0.029093
0.028979
0.028865
0.028753
0.028641
0.028531
0.028421
0.028312
0.028204
0.028097
0.027991
0.027885
0.027781
0.027678
0.027575
0.027474
0.027373
0.027274
0.027175
0.027077
0.026981
0.026885
0.026790
0.026696
0.026602
0.026510
0.026418
0.026328
0.026238
0.026149
0.026060
0.025973
0.025886
0.025800
0.025715
0.025631
0.025547
0.025464
0.025381
0.025300
0.025219
0.025139
0.025059
0.024980
0.024902
0.024825
0.024748
0.024672
0.024597
0.024522
0.024448
0.024374
0.024302
0.024230
0.024158
0.024087
0.024017
0.023948
0.023879
0.023810
0.023743
0.023676
0.023609
0.023543
0.023478
0.023413
0.023349
0.023286
0.023223
0.023160
0.023098
0.023037
0.022976
0.022916
0.022856
0.022797
0.022738
0.022680
0.022623
0.022565
0.022509
0.022452
0.022397
0.022342
0.022287
0.022233
0.022179
0.022125
0.022073
0.022020
0.021968
0.021917
0.021866
0.021815
0.021765
0.021715
0.021666
0.021617
0.021569
0.021521
0.021473
0.021426
0.021379
0.021333
0.021287
0.021241
0.021196
0.021152
0.021107
0.021063
0.021020
0.020977
0.020934
0.020892
0.020850
0.020808
0.020767
0.020726
0.020685
0.020645
0.020605
0.020566
0.020526
0.020488
0.020449
0.020411
0.020373
0.020336
0.020299
0.020262
0.020225
0.020189
0.020154
0.020118
0.020083
0.020048
0.020014
0.019979
0.019945
0.019912
0.019879
0.019846
0.019813
0.019781
0.019748
0.019717
0.019685
0.019654
0.019623
0.019593
0.019562
0.019532
0.019502
0.019473
0.019444
0.019415
0.019386
0.019358
0.019330
0.019302
0.019274
0.019247
0.019220
0.019193
0.019167
0.019141
0.019115
0.019089
0.019063
0.019038
0.019013
0.018988
0.018964
0.018940
0.018916
0.018892
0.018868
0.018845
0.018822
0.018799
0.018777
0.018755
0.018733
0.018711
0.018689
0.018668
0.018647
0.018626
0.018605
0.018585
0.018564
0.018544
0.018525
0.018505
0.018486
0.018467
0.018448
0.018429
0.018411
0.018392
0.018374
0.018357
0.018339
0.018322
0.018305
0.018288
0.018271
0.018254
0.018238
0.018222
0.018206
0.018190
0.018175
0.018159
0.018144
0.018129
0.018115
0.018100
0.018086
0.018072
0.018058
0.018044
0.018031
0.018017
0.018004
0.017991
0.017978
0.017966
0.017954
0.017941
0.017929
0.017918
0.017906
0.017895
0.017884
0.017873
0.017862
0.017851
0.017841
0.017830
0.017820
0.017810
0.017801
0.017791
0.017782
0.017773
0.017764
0.017755
0.017746
0.017738
0.017729
0.017721
0.017713
0.017706
0.017698
0.017691
0.017684
0.017677
0.017670
0.017663
0.017657
0.017650
0.017644
0.017638
0.017633
0.017627
0.017622
0.017616
0.017611
0.017606
0.017602
0.017597
0.017593
0.017588
0.017584
0.017581
0.017577
0.017573
0.017570
0.017567
0.017564
0.017561
0.017558
0.017556
0.017554
0.017551
0.017550
0.017548
0.017546
0.017545
0.017543
0.017542
0.017541
0.017541
0.017540
0.017540
0.017539
0.008770