
11.535006
15.021452
13.594343
6.926807
-3.130052
-13.019795
-18.781743
-17.731161
-9.794843
2.199697
13.562012
19.713381
18.172847
9.593994
-2.597173
-13.690193
-19.552249
-18.101575
-9.950188
1.871226
12.969902
19.143642
17.968158
9.816732
-2.195123
-13.418752
-19.541808
-18.284339
-10.210402
1.592499
12.722296
19.057133
18.216064
10.448388
-1.370504
-12.738789
-19.248057
-18.356336
-10.425730
1.453255
12.739971
19.217591
18.529848
10.968610
-0.665423
-12.043392
-18.851420
-18.423352
-10.847171
0.983906
12.491682
19.253055
18.742704
11.242301
-0.373274
-11.769068
-18.723305
-18.624433
-11.442684
0.171199
11.797766
18.932235
18.792287
11.450530
-0.226475
-11.771063
-18.865262
-18.920243
-11.951276
-0.538240
11.074878
18.488948
18.809520
11.837304
0.231322
-11.517404
-18.891592
-19.130139
-12.231460
-0.847072
10.771634
18.319029
18.962818
12.394128
1.028908
-10.812380
-18.545364
-19.157708
-12.432313
-1.001189
10.757693
18.441572
19.238988
12.888615
1.739665
-10.064897
-18.057262
-19.125406
-12.783370
-1.446001
10.499575
18.458772
19.445176
13.174138
2.063916
-9.733775
-17.845847
-19.229965
-13.299161
-2.225332
9.786306
18.088870
19.451203
13.367363
2.225092
-9.703704
-17.948141
-19.484898
-13.777106
-2.934337
9.017239
17.557970
19.369817
13.681812
2.655568
-9.442018
-17.956221
-19.686621
-14.066769
-3.272654
8.659423
17.305561
19.424884
14.154399
3.413600
-8.723372
-17.564443
-19.671647
-14.252142
-3.440603
8.613095
17.386854
19.657066
14.613414
4.117768
-7.935833
-16.992938
-19.541824
-14.529255
-3.855482
8.348706
17.385827
19.853562
14.905979
4.468710
-7.552648
-16.700223
-19.546858
-14.956643
-4.589271
7.627543
16.974026
19.818187
15.083302
4.643122
-7.490001
-16.759855
-19.754865
-15.394404
-5.285516
6.824733
16.364275
19.640769
15.322507
5.041234
-7.223749
-16.749737
-19.945367
-15.688597
-5.647563
6.417640
16.032133
19.595443
15.702893
5.747947
-6.502910
-16.319811
-19.890249
-15.857693
-5.828098
6.338680
16.069533
19.777948
16.117149
6.433196
-5.688104
-15.674326
-19.666268
-16.058584
-6.208366
6.071377
16.050345
19.961691
16.411667
6.804753
-5.258694
-15.303821
-19.570472
-16.390361
-6.885298
5.353671
15.604229
19.887539
16.572381
6.991046
-5.163498
-15.318517
-19.726249
-16.778942
-7.556503
4.530205
14.925668
19.618208
16.734710
7.352489
-4.895926
-15.290287
-19.902473
-17.072460
-7.935908
4.080193
14.518046
19.472050
17.016474
7.997067
-4.184119
-14.829945
-19.810045
-17.224657
-8.127564
3.968910
14.509667
19.599990
17.377308
8.651223
-3.355376
-14.121097
-19.496755
-17.348334
-8.469297
3.701820
14.472428
19.767939
17.668482
9.036752
-2.886593
-13.677783
-19.300560
-17.578893
-9.079097
2.998623
13.999842
19.658037
17.812046
9.233349
-2.759444
-13.646060
-19.399670
-17.910014
-9.713251
2.168016
13.263615
19.302345
17.897140
9.554588
-2.493554
-13.599851
-19.558601
-18.197486
-10.103128
1.682404
12.786205
19.056658
18.075513
10.127339
-1.801615
-13.117014
-19.432062
-18.332316
-10.304214
1.539686
12.730982
19.126071
18.375070
10.738606
-0.972574
-12.356425
-19.035690
-18.379051
-10.604274
1.275678
12.675850
19.275255
18.657481
11.131010
-0.472176
-11.846684
-18.741270
-18.504479
-11.137869
0.597570
12.184756
19.132950
18.783492
11.336105
-0.314259
-11.767909
-18.780249
-18.770746
-11.723446
-0.226475
11.402914
18.697771
18.792241
11.614399
-0.052782
-11.703911
-18.918977
-19.046735
-12.116520
-0.739521
10.862767
18.355592
18.864187
12.106906
0.609010
-11.206548
-18.761804
-19.163856
-12.325114
-0.912193
10.760503
18.363535
19.095574
12.664084
1.424640
-10.406643
-18.289834
-19.135140
-12.581156
-1.170526
10.687704
18.491119
19.363789
13.055941
1.948114
-9.838166
-17.901079
-19.153290
-13.030820
-1.813611
10.186044
18.320000
19.471959
13.267497
2.135023
-9.712589
-17.877526
-19.348350
-13.556996
-2.617435
9.371333
17.813389
19.406443
13.500899
2.389633
-9.631066
-17.993306
-19.607453
-13.945730
-3.149043
8.776747
17.379448
19.370709
13.906151
3.011724
-9.127058
-17.809181
-19.706624
-14.159685
-3.349598
8.628147
17.324082
19.528146
14.398842
3.800397
-8.300848
-17.270200
-19.605109
-14.370156
-3.599943
8.537988
17.427426
19.776820
14.782536
4.337778
-7.682511
-16.792664
-19.515629
-14.729619
-4.198865
8.033552
17.231248
19.866952
14.998298
4.551314
-7.511291
-16.705315
-19.634306
-15.186472
-4.969097
7.199189
16.662283
19.730370
15.185644
4.796889
-7.412600
-16.795628
-19.871261
-15.563209
-5.509838
6.559583
16.142936
19.587508
15.498137
5.370587
-6.909615
-16.588358
-19.952324
-15.780161
-5.735622
6.366262
16.023584
19.666454
15.916941
6.119161
-6.070470
-15.991896
-19.781734
-15.944280
-5.975954
6.259155
16.100308
19.890436
16.284811
6.660805
-5.412192
-15.432710
-19.586076
-16.208823
-6.522502
5.759456
15.882913
19.962404
16.502313
6.898035
-5.197401
-15.281487
-19.624491
-16.587522
-7.246287
4.918907
15.261531
19.758986
16.643197
7.132687
-5.082013
-15.344105
-19.834285
-16.944631
-7.786346
4.244659
14.664654
19.511337
16.859011
7.650292
-4.587382
-15.117551
-19.897141
-17.162017
-8.034151
4.009141
14.481846
19.508598
17.195708
8.346257
-3.748801
-14.473903
-19.662184
-17.279746
-8.262721
3.885624
14.529887
19.703038
17.540191
8.882222
-3.061378
-13.841656
-19.363569
-17.446259
-8.749730
3.397785
14.295137
19.756770
17.756777
9.139668
-2.805988
-13.627701
-19.319233
-17.739231
-9.414957
2.564526
13.631944
19.491670
17.851515
9.361786
-2.674511
-13.660744
-19.497208
-18.069256
-9.944308
1.866802
12.966807
19.143323
17.968361
9.816690
-2.195123
-13.418752
-19.541808
-18.284339
-10.210402
1.592499
12.722296
19.057133
18.216064
10.448388
-1.370504
-12.738789
-19.248057
-18.356336
-10.425730
1.453255
12.739971
19.217591
18.529848
10.968610
-0.665423
-12.043392
-18.851420
-18.423352
-10.847171
0.983906
12.491682
19.253055
18.742704
11.242301
-0.373274
-11.769068
-18.723305
-18.624433
-11.442684
0.171199
11.797766
18.932235
18.792287
11.450530
-0.226475
-11.771063
-18.865262
-18.920243
-11.951276
-0.538240
11.074878
18.488948
18.809520
11.837304
0.231322
-11.517404
-18.891592
-19.130139
-12.231460
-0.847072
10.771634
18.319029
18.962818
12.394128
1.028908
-10.812380
-18.545364
-19.157708
-12.432313
-1.001189
10.757693
18.441572
19.238988
12.888615
1.739665
-10.064897
-18.057262
-19.125406
-12.783370
-1.446001
10.499575
18.458772
19.445176
13.174138
2.063916
-9.733775
-17.845847
-19.229965
-13.299161
-2.225332
9.786306
18.088870
19.451203
13.367363
2.225092
-9.703704
-17.948141
-19.484898
-13.777106
-2.934337
9.017239
17.557970
19.369817
13.681812
2.655568
-9.442018
-17.956221
-19.686621
-14.066769
-3.272654
8.659423
17.305561
19.424884
14.154399
3.413600
-8.723372
-17.564443
-19.671647
-14.252142
-3.440603
8.613095
17.386854
19.657066
14.613414
4.117768
-7.935833
-16.992938
-19.541824
-14.529255
-3.855482
8.348706
17.385827
19.853562
14.905979
4.468710
-7.552648
-16.700223
-19.546858
-14.956643
-4.589271
7.627543
16.974026
19.818187
15.083302
4.643122
-7.490001
-16.759855
-19.754865
-15.394404
-5.285516
6.824733
16.364275
19.640769
15.322507
5.041234
-7.223749
-16.749737
-19.945367
-15.688597
-5.647563
6.417640
16.032133
19.595443
15.702893
5.747947
-6.502910
-16.319811
-19.890249
-15.857693
-5.828098
6.338680
16.069533
19.777948
16.117149
6.433196
-5.688104
-15.674326
-19.666268
-16.058584
-6.208366
6.071377
16.050345
19.961691
16.411667
6.804753
-5.258694
-15.303821
-19.570472
-16.390361
-6.885298
5.353671
15.604229
19.887539
16.572381
6.991046
-5.163498
-15.318517
-19.726249
-16.778942
-7.556503
4.530205
14.925668
19.618208
16.734710
7.352489
-4.895926
-15.290287
-19.902473
-17.072460
-7.935908
4.080193
14.518046
19.472050
17.016474
7.997067
-4.184119
-14.829945
-19.810045
-17.224657
-8.127564
3.968910
14.509667
19.599990
17.377308
8.651223
-3.355376
-14.121097
-19.496755
-17.348334
-8.469297
3.701820
14.472428
19.767939
17.668482
9.036752
-2.886593
-13.677783
-19.300560
-17.578893
-9.079097
2.998623
13.999842
19.658037
17.812046
9.233349
-2.759444
-13.646060
-19.399670
-17.910014
-9.713251
2.168016
13.263615
19.302345
17.897140
9.554588
-2.493554
-13.599851
-19.558601
-18.197486
-10.103128
1.682404
12.786205
19.056658
18.075513
10.127339
-1.801615
-13.117014
-19.432062
-18.332316
-10.304214
1.539686
12.730982
19.126071
18.375070
10.738606
-0.972574
-12.356425
-19.035690
-18.379051
-10.604274
1.275678
12.675850
19.275255
18.657481
11.131010
-0.472176
-11.846684
-18.741270
-18.504479
-11.137869
0.597570
12.184756
19.132950
18.783492
11.336105
-0.314259
-11.767909
-18.780249
-18.770746
-11.723446
-0.226475
11.402914
18.697771
18.792241
11.614399
-0.052782
-11.703911
-18.918977
-19.046735
-12.116520
-0.739521
10.862767
18.355592
18.864187
12.106906
0.609010
-11.206548
-18.761804
-19.163856
-12.325114
-0.912193
10.760503
18.363535
19.095574
12.664084
1.424640
-10.406643
-18.289834
-19.135140
-12.581156
-1.170526
10.687704
18.491119
19.363789
13.055941
1.948114
-9.838166
-17.901079
-19.153290
-13.030820
-1.813611
10.186044
18.320000
19.471959
13.267497
2.135023
-9.712589
-17.877526
-19.348350
-13.556996
-2.617435
9.371333
17.813389
19.406443
13.500899
2.389633
-9.631066
-17.993306
-19.607453
-13.945730
-3.149043
8.776747
17.379448
19.370709
13.906151
3.011724
-9.127058
-17.809181
-19.706624
-14.159685
-3.349598
8.628147
17.324082
19.528146
14.398842
3.800397
-8.300848
-17.270200
-19.605109
-14.370156
-3.599943
8.537988
17.427426
19.776820
14.782536
4.337778
-7.682511
-16.792664
-19.515629
-14.729619
-4.198865
8.033552
17.231248
19.866952
14.998298
4.551314
-7.511291
-16.705315
-19.634306
-15.186472
-4.969097
7.199189
16.662283
19.730370
15.185644
4.796889
-7.412600
-16.795628
-19.871261
-15.563209
-5.509838
6.559583
16.142936
19.587508
15.498137
5.370587
-6.909615
-16.588358
-19.952324
-15.780161
-5.735622
6.366262
16.023584
19.666454
15.916941
6.119161
-6.070470
-15.991896
-19.781734
-15.944280
-5.975954
6.259155
16.100308
19.890436
16.284811
6.660805
-5.412192
-15.432710
-19.586076
-16.208823
-6.522502
5.759456
15.882913
19.962404
16.502313
6.898035
-5.197401
-15.281487
-19.624491
-16.587522
-7.246287
4.918907
15.261531
19.758986
16.643197
7.132687
-5.082013
-15.344105
-19.834285
-16.944631
-7.786346
4.244659
14.664654
19.511337
16.859011
7.650292
-4.587382
-15.117551
-19.897043
-17.162314
-8.033893
4.016754
14.506561
19.545004
17.200604
8.241586
-4.025510
-14.894379
-20.078017
-17.501344
-8.221894
4.024092
14.462640
19.307866
17.218149
9.595055
-0.257242
-8.614225
-12.791625
-12.035853
-7.565504
-1.813990