
17.815070
18.292359
7.596932
-1.869294
-3.671701
-2.788382
-6.979483
-15.121325
-16.945784
-5.078372
14.524298
26.465258
20.807200
2.978522
-12.084650
-14.984256
-9.649253
-6.082596
-7.421298
-6.693518
3.144081
18.159261
25.167138
15.305580
-5.501971
-21.294603
-21.367670
-9.731838
1.030968
3.892111
3.416632
7.564585
15.766595
17.991446
6.473777
-13.417163
-26.361176
-21.801687
-4.415711
11.035073
14.655178
9.790103
6.356821
7.842157
7.479124
-2.084929
-17.425443
-25.408638
-16.549095
3.999508
20.453318
21.534163
10.516021
-0.233598
-3.319517
-2.923593
-7.092453
-15.646582
-18.644697
-7.821558
12.117079
25.968415
22.547561
5.721253
-10.000410
-14.274333
-9.863795
-6.572473
-8.218213
-8.243293
1.005954
16.625955
25.566542
17.739796
-2.486549
-19.548528
-21.626565
-11.253096
-0.551249
2.738364
2.409517
6.581115
15.467017
19.239721
9.150782
-10.774031
-25.491055
-23.217166
-6.999473
8.941652
13.845551
9.891764
6.750245
8.560692
8.987312
0.088750
-15.764560
-25.640739
-18.873770
0.968159
18.583555
21.645090
11.940848
1.320538
-2.151471
-1.876797
-6.032255
-15.227911
-19.773951
-10.456828
9.392420
24.930715
23.808483
8.246166
-7.862766
-13.371040
-9.874432
-6.889321
-8.867655
-9.707970
-1.195360
14.843834
25.630679
19.947182
0.550587
-17.561918
-21.590213
-12.577267
-2.071323
1.561668
1.327919
5.447732
14.929505
20.245021
11.735136
-7.976786
-24.289295
-24.319770
-9.457261
6.767765
12.853165
9.812406
6.989066
9.137306
10.402123
2.309981
-13.866581
-25.536102
-20.956402
-2.064624
16.487318
21.462665
13.160553
2.800762
-0.971783
-0.765453
-4.829568
-14.572268
-20.650774
-12.981223
6.531792
23.568970
24.749560
10.628828
-5.660689
-12.294437
-9.706481
-7.049022
-9.368000
-11.066699
-3.428657
12.835813
25.357035
21.898014
3.568908
-15.363620
-21.263426
-13.689118
-3.506127
0.384629
0.192041
4.179945
14.156896
20.989277
14.190699
-5.062212
-22.772181
-25.096669
-11.757102
4.545591
11.697503
9.557637
7.068915
9.558248
11.698715
4.547387
-11.754751
-25.093797
-22.768831
-5.058436
14.194845
20.993731
14.161592
4.184811
0.197005
0.389614
-3.501194
-13.684311
-21.258819
-15.359281
3.572914
21.901627
25.360199
12.838481
-3.426524
-11.065134
-9.367027
-7.048655
-9.706726
-12.295290
-5.662137
10.626808
24.746996
23.565901
6.528265
-12.985155
-20.655052
-14.576827
-4.834340
-0.770367
-0.976764
2.795788
13.155662
21.457929
16.482809
-2.068838
-20.960257
-25.539540
-13.869551
2.307522
10.400214
9.135976
6.988334
9.812283
12.853654
6.768858
-9.455581
-24.317528
-24.286524
-7.973528
11.738831
20.249098
14.933904
5.452385
1.332757
1.566618
-2.066336
-12.572318
-21.585376
-17.557265
0.554986
19.951259
25.634374
14.847092
-1.192589
-9.705728
-8.865974
-6.888229
-9.873943
-13.371163
-7.863498
8.244836
23.806576
24.928257
9.389450
-10.460267
-19.777807
-15.232124
-6.036763
-1.881532
-2.156363
1.315564
11.935866
21.640176
18.578782
0.963600
-18.878047
-25.644670
-15.768086
0.085681
8.984747
8.558670
6.748797
9.890912
13.845306
8.942019
-6.998500
-23.215602
-25.488922
-10.771363
9.153946
19.243333
15.471023
6.585454
2.414124
2.743171
-0.546316
-11.248110
-21.621601
-19.543661
-2.481853
17.744250
25.570689
16.629731
1.009303
-8.240422
-8.215862
-6.570678
-9.862583
-14.273722
-10.000411
5.720643
22.546349
25.966620
12.114727
-7.824430
-18.648046
-15.650359
-7.096600
-2.928048
-3.324212
-0.238464
10.511058
21.529177
20.448385
3.994701
-16.553703
-25.412978
-17.429448
-2.088541
7.475960
7.839488
6.354689
9.788539
14.654205
11.034706
-4.415466
-21.800835
-26.359729
-13.415142
6.476340
17.994514
15.770122
7.568516
3.420909
3.896670
1.035741
-9.726925
-21.362690
-21.289629
-5.497080
15.310426
25.172369
18.164891
3.148299
-6.694625
-7.431621
-6.101819
-9.668555
-14.984715
-12.040996
3.087288
20.981339
26.666913
14.668360
-5.114341
-17.285494
-15.830525
-7.999698
-3.890420
-4.457748
-1.842399
8.898116
21.122187
22.064278
6.983956
-14.018617
-24.849977
-18.833951
-4.184943
5.899713
6.994456
5.813229
9.502603
15.263388
13.015446
-1.740527
-20.090402
-26.887132
-15.870304
3.743126
16.523926
15.832006
8.388819
4.334403
5.004686
2.655259
-8.027229
-20.807981
-22.769430
-8.450342
12.682634
24.447192
19.434764
5.194954
-5.094542
-6.530301
-5.490246
-9.290848
-15.488543
-13.954306
0.379693
19.130815
27.019637
17.017083
-2.367397
-15.712915
-15.775221
-8.734744
-4.750806
-5.534770
-3.471082
7.117037
20.420647
23.402418
9.891311
-11.306984
-23.965674
-19.965717
-6.174939
4.282443
6.041569
5.134355
9.033654
15.658695
14.853928
0.990638
-18.105612
-27.063978
-18.105001
0.991849
14.855724
15.661046
9.036525
5.137704
6.045345
4.286589
-6.170485
-19.961021
-23.960808
-11.302020
9.896297
23.407351
20.425453
7.121645
-3.466743
-5.530764
-4.747194
-8.731580
-15.772553
-15.710783
-2.365832
17.018056
27.020004
19.130570
0.378840
-13.955753
-15.490565
-9.293412
-5.493315
-6.533828
-5.098473
5.190677
19.430204
24.442419
12.677721
-8.455323
-22.774403
-20.812872
-8.031964
2.650750
5.000472
4.330548
8.385380
15.829034
16.521469
3.741217
-15.871634
-26.887863
-20.090524
-1.740038
13.016538
15.265067
9.504845
5.816000
6.997714
5.903408
-4.180866
-18.829552
-24.845324
-14.013779
6.988906
22.069265
21.127136
8.902954
-1.837747
-4.453349
-3.886342
-7.996002
-15.827268
-17.282723
-5.112099
14.670039
26.668006
20.981827
3.087165
-12.041729
-14.986045
-9.670463
-6.104277
-7.434592
-6.698064
3.144443
18.160678
25.167861
15.305690
-5.501971
-21.294603
-21.367670
-9.731838
1.030968
3.892111
3.416632
7.564585
15.766595
17.991446
6.473777
-13.417163
-26.361176
-21.801687
-4.415711
11.035073
14.655178
9.790103
6.356821
7.842157
7.479124
-2.084929
-17.425443
-25.408638
-16.549095
3.999508
20.453318
21.534163
10.516021
-0.233598
-3.319517
-2.923593
-7.092453
-15.646582
-18.644697
-7.821558
12.117079
25.968415
22.547561
5.721253
-10.000410
-14.274333
-9.863795
-6.572473
-8.218213
-8.243293
1.005954
16.625955
25.566542
17.739796
-2.486549
-19.548528
-21.626565
-11.253096
-0.551249
2.738364
2.409517
6.581115
15.467017
19.239721
9.150782
-10.774031
-25.491055
-23.217166
-6.999473
8.941652
13.845551
9.891764
6.750245
8.560692
8.987312
0.088750
-15.764560
-25.640739
-18.873770
0.968159
18.583555
21.645090
11.940848
1.320538
-2.151471
-1.876797
-6.032255
-15.227911
-19.773951
-10.456828
9.392420
24.930715
23.808483
8.246166
-7.862766
-13.371040
-9.874432
-6.889321
-8.867655
-9.707970
-1.195360
14.843834
25.630679
19.947182
0.550587
-17.561918
-21.590213
-12.577267
-2.071323
1.561668
1.327919
5.447732
14.929505
20.245021
11.735136
-7.976786
-24.289295
-24.319770
-9.457261
6.767765
12.853165
9.812406
6.989066
9.137306
10.402123
2.309981
-13.866581
-25.536102
-20.956402
-2.064624
16.487318
21.462665
13.160553
2.800762
-0.971783
-0.765453
-4.829568
-14.572268
-20.650774
-12.981223
6.531792
23.568970
24.749560
10.628828
-5.660689
-12.294437
-9.706481
-7.049022
-9.368000
-11.066699
-3.428657
12.835813
25.357035
21.898014
3.568908
-15.363620
-21.263426
-13.689118
-3.506127
0.384629
0.192041
4.179945
14.156896
20.989277
14.190699
-5.062212
-22.772181
-25.096669
-11.757102
4.545591
11.697503
9.557637
7.068915
9.558248
11.698715
4.547387
-11.754751
-25.093797
-22.768831
-5.058436
14.194845
20.993731
14.161592
4.184811
0.197005
0.389614
-3.501194
-13.684311
-21.258819
-15.359281
3.572914
21.901627
25.360199
12.838481
-3.426524
-11.065134
-9.367027
-7.048655
-9.706726
-12.295290
-5.662137
10.626808
24.746996
23.565901
6.528265
-12.985155
-20.655052
-14.576827
-4.834340
-0.770367
-0.976764
2.795788
13.155662
21.457929
16.482809
-2.068838
-20.960257
-25.539540
-13.869551
2.307522
10.400214
9.135976
6.988334
9.812283
12.853654
6.768858
-9.455581
-24.317528
-24.286524
-7.973528
11.738831
20.249098
14.933904
5.452385
1.332757
1.566618
-2.066336
-12.572318
-21.585376
-17.557265
0.554986
19.951259
25.634374
14.847092
-1.192589
-9.705728
-8.865974
-6.888229
-9.873943
-13.371163
-7.863498
8.244836
23.806576
24.928257
9.389450
-10.460267
-19.777807
-15.232124
-6.036763
-1.881532
-2.156363
1.315564
11.935866
21.640176
18.578782
0.963600
-18.878047
-25.644670
-15.768086
0.085681
8.984747
8.558670
6.748797
9.890912
13.845306
8.942019
-6.998500
-23.215602
-25.488922
-10.771363
9.153946
19.243333
15.471023
6.585454
2.414124
2.743171
-0.546316
-11.248110
-21.621601
-19.543661
-2.481853
17.744250
25.570689
16.629731
1.009303
-8.240422
-8.215862
-6.570678
-9.862583
-14.273722
-10.000411
5.720643
22.546349
25.966620
12.114727
-7.824430
-18.648046
-15.650359
-7.096600
-2.928048
-3.324212
-0.238464
10.511058
21.529177
20.448385
3.994701
-16.553703
-25.412978
-17.429448
-2.088541
7.475960
7.839488
6.354689
9.788539
14.654205
11.034706
-4.415466
-21.800835
-26.359729
-13.415142
6.476340
17.994514
15.770122
7.568516
3.420909
3.896670
1.035741
-9.726925
-21.362690
-21.289629
-5.497080
15.310426
25.172369
18.164891
3.148299
-6.694625
-7.431621
-6.101819
-9.668555
-14.984715
-12.040996
3.087288
20.981339
26.666913
14.668360
-5.114341
-17.285494
-15.830525
-7.999698
-3.890420
-4.457748
-1.842399
8.898116
21.122187
22.064278
6.983956
-14.018617
-24.849977
-18.833951
-4.184943
5.899713
6.994456
5.813229
9.502603
15.263388
13.015446
-1.740527
-20.090402
-26.887132
-15.870304
3.743126
16.523926
15.832006
8.388819
4.334403
5.004686
2.655259
-8.027229
-20.807981
-22.769430
-8.450342
12.682634
24.447192
19.434764
5.194954
-5.094542
-6.530301
-5.490246
-9.290848
-15.488543
-13.954306
0.379693
19.130815
27.019637
17.017083
-2.367397
-15.712915
-15.775221
-8.734744
-4.750806
-5.534770
-3.471082
7.117037
20.420647
23.402418
9.891311
-11.306984
-23.965674
-19.965717
-6.174939
4.282443
6.041569
5.134355
9.033654
15.658695
14.853928
0.990638
-18.105612
-27.063978
-18.105001
0.991849
14.855724
15.661046
9.036525
5.137704
6.045345
4.286589
-6.170485
-19.961021
-23.960808
-11.302020
9.896297
23.407351
20.425453
7.121645
-3.466743
-5.530764
-4.747194
-8.731580
-15.772553
-15.710783
-2.365832
17.018056
27.020004
19.130570
0.378840
-13.955753
-15.490565
-9.293412
-5.493315
-6.533828
-5.098473
5.190677
19.430204
24.442419
12.677721
-8.455323
-22.774403
-20.813132
-8.034153
2.643191
4.984345
4.307260
8.365781
15.835664
16.585047
3.889200
-15.634071
-26.599753
-19.850163
-1.700156
12.684343
14.438041
8.195660
4.250383
5.647975
5.447772
-2.984532
-15.338472
-18.747782
-5.498781
17.175877