
16.937257
12.991663
1.519118
-4.276106
0.884879
9.185071
9.424918
0.202294
-8.544871
-7.203781
2.236561
8.349975
3.399106
-7.696860
-12.911191
-6.855066
3.040845
5.024127
-3.515077
-13.040484
-12.786636
-3.105807
4.902164
2.073843
-8.326705
-14.319824
-8.888444
2.020082
6.318238
-0.392292
-9.817761
-10.513788
-1.032569
8.390134
7.547509
-2.036866
-8.825040
-4.447871
6.724264
12.572884
7.071458
-2.861549
-5.328054
2.899327
12.678295
12.983422
3.562966
-4.739036
-2.378077
7.961192
14.414883
9.486759
-1.403292
-6.142269
0.214383
9.812105
11.034737
1.848842
-7.837135
-7.508483
1.903528
9.060108
5.169266
-5.961269
-12.273525
-7.231698
2.741418
5.663562
-2.257818
-12.276551
-13.138240
-3.997867
4.578787
2.690625
-7.562574
-14.461665
-10.049311
0.795086
5.962242
-0.026665
-9.775104
-11.523031
-2.656210
7.268117
7.452664
-1.765898
-9.275290
-5.881872
5.178479
11.937411
7.365685
-2.624963
-5.996895
1.598485
11.832183
13.247893
4.409300
-4.421567
-3.010861
7.131604
14.459718
10.574280
-0.197520
-5.779294
-0.171208
9.705970
11.976556
3.451752
-6.685464
-7.381218
1.623264
9.469025
6.582939
-4.378782
-11.566305
-7.473979
2.511669
6.326562
-0.923494
-11.346723
-13.312463
-4.796501
4.267639
3.338022
-6.669185
-14.408784
-11.060007
-0.387446
5.594506
0.379506
-9.604037
-12.393321
-4.232596
6.091567
7.295335
-1.474929
-9.639793
-7.269730
3.565131
11.162089
7.557244
-2.400966
-6.651020
0.235113
10.821873
13.332212
5.158842
-4.117186
-3.671247
6.176377
14.308800
11.505002
0.957949
-5.408900
-0.598411
9.468773
12.771465
4.995949
-5.488821
-7.196223
1.320221
9.786136
7.939535
-2.740537
-10.726753
-7.616243
2.292232
6.968687
0.464300
-10.259489
-13.307577
-5.495827
3.970307
4.009590
-5.654389
-14.159898
-11.907947
-1.512237
5.223430
0.828021
-9.299779
-13.109273
-5.739094
4.879610
7.085098
-1.158497
-9.906656
-8.589681
1.908041
10.262382
7.651831
-2.184795
-7.277948
-1.172303
9.661585
13.239171
5.807089
-3.827017
-4.352012
5.104579
13.962406
12.267707
2.048669
-5.038979
-1.068339
9.096797
13.405173
6.459414
-4.266292
-6.963175
0.989155
10.000032
9.217544
-1.070718
-9.771154
-7.664943
2.077945
7.577159
1.886380
-9.030315
-13.127775
-6.092395
3.687254
4.697390
-4.528449
-13.716848
-12.583325
-2.565725
4.856356
1.319278
-8.859716
-13.657756
-7.154389
3.651199
6.831662
-0.811633
-10.065024
-9.820561
0.231654
9.255319
7.656595
-1.970940
-7.864667
-2.603953
8.367970
12.974335
6.351638
-3.550874
-5.044523
3.927639
13.423940
12.854030
3.062011
-4.676287
-1.580649
8.588570
13.865774
7.821618
-3.036618
-6.691750
0.625423
10.100484
10.396244
0.606066
-8.717194
-7.627868
1.863012
8.138806
3.322395
-7.676966
-12.779953
-6.584834
3.417662
5.392131
-3.303925
-13.084592
-13.079241
-3.536259
4.499418
1.852168
-8.283546
-14.028150
-8.458825
2.424784
6.544607
-0.430071
-10.105364
-10.942191
-1.439370
8.159148
7.579901
-1.753375
-8.397917
-4.039034
6.959833
12.545884
6.792123
-3.287327
-5.738867
2.659211
12.699901
13.258559
3.987334
-4.326309
-2.133449
7.944985
14.143986
9.063863
-1.817871
-6.391371
0.225189
10.078722
11.456095
2.265210
-7.583596
-7.513887
1.641231
8.640350
4.751172
-6.219207
-12.273525
-6.973760
3.159512
6.083319
-1.995521
-12.271147
-13.391779
-4.414235
4.157429
2.424007
-7.573380
-14.212563
-9.634732
1.217981
6.233139
-0.010458
-10.019732
-11.935759
-3.080579
6.992980
7.431058
-1.525782
-8.864477
-5.456095
5.457813
11.964412
7.130116
-3.033800
-6.424018
1.314994
11.799791
13.478880
4.816101
-3.993164
-2.723258
7.169382
14.233349
10.169577
-0.627140
-6.070967
-0.214367
9.927687
12.379099
3.882522
-6.389764
-7.332685
1.406231
9.068701
6.151081
-4.678463
-11.620205
-7.261665
2.909711
6.759440
-0.619877
-11.287465
-13.520028
-5.192204
3.833803
3.030514
-6.733793
-14.206000
-10.666704
0.047281
5.905858
0.449454
-9.802010
-12.784164
-4.668149
5.776418
7.220058
-1.281798
-9.251468
-6.833418
3.884031
11.242685
7.368984
-2.786716
-7.088026
-0.087488
10.735971
13.515573
5.541958
-3.679551
-3.344993
6.267572
14.130364
11.124578
0.519751
-5.738758
-0.694885
9.642254
13.149139
5.434643
-5.155409
-7.094484
1.151718
9.411269
7.500410
-3.077453
-10.833741
-7.452746
2.664236
7.408177
0.804670
-10.147268
-13.466045
-5.864912
3.530518
3.665817
-5.771827
-14.006483
-11.541836
-1.072216
5.570553
0.950658
-9.448118
-13.472354
-6.179280
4.529188
6.957280
-1.015258
-9.546658
-8.149396
2.261708
10.395361
7.513711
-2.541654
-7.718266
-1.529162
9.523465
13.372150
6.160757
-3.386733
-3.992014
5.247820
13.834588
11.917286
1.608483
-5.402061
-1.216678
9.219435
13.752297
6.899433
-3.900181
-6.809760
0.871717
9.656259
8.777755
-1.439803
-9.929622
-7.552722
2.418315
8.016649
2.258384
-8.866817
-13.234764
-6.429313
3.248129
4.322523
-4.696952
-13.615109
-12.249912
-2.127031
5.234029
1.492760
-8.956191
-13.987614
-7.592587
3.270776
6.653227
-0.720438
-9.738770
-9.382925
0.614768
9.438681
7.570693
-2.293541
-8.301674
-2.989703
8.179710
13.054930
6.670537
-3.114562
-4.656197
4.120770
13.348663
12.538881
2.626459
-5.067131
-1.778620
8.658518
14.177126
8.256345
-2.643316
-6.488967
0.560815
9.792977
9.962408
0.210364
-8.924757
-7.568610
2.166629
8.571686
3.720438
-7.464652
-12.833853
-6.884515
2.985804
4.991808
-3.520957
-13.036060
-12.783541
-3.105488
4.901961
2.073885
-8.326705
-14.319824
-8.888444
2.020082
6.318238
-0.392292
-9.817761
-10.513788
-1.032569
8.390134
7.547509
-2.036866
-8.825040
-4.447871
6.724264
12.572884
7.071458
-2.861549
-5.328054
2.899327
12.678295
12.983422
3.562966
-4.739036
-2.378077
7.961192
14.414883
9.486759
-1.403292
-6.142269
0.214383
9.812105
11.034737
1.848842
-7.837135
-7.508483
1.903528
9.060108
5.169266
-5.961269
-12.273525
-7.231698
2.741418
5.663562
-2.257818
-12.276551
-13.138240
-3.997867
4.578787
2.690625
-7.562574
-14.461665
-10.049311
0.795086
5.962242
-0.026665
-9.775104
-11.523031
-2.656210
7.268117
7.452664
-1.765898
-9.275290
-5.881872
5.178479
11.937411
7.365685
-2.624963
-5.996895
1.598485
11.832183
13.247893
4.409300
-4.421567
-3.010861
7.131604
14.459718
10.574280
-0.197520
-5.779294
-0.171208
9.705970
11.976556
3.451752
-6.685464
-7.381218
1.623264
9.469025
6.582939
-4.378782
-11.566305
-7.473979
2.511669
6.326562
-0.923494
-11.346723
-13.312463
-4.796501
4.267639
3.338022
-6.669185
-14.408784
-11.060007
-0.387446
5.594506
0.379506
-9.604037
-12.393321
-4.232596
6.091567
7.295335
-1.474929
-9.639793
-7.269730
3.565131
11.162089
7.557244
-2.400966
-6.651020
0.235113
10.821873
13.332212
5.158842
-4.117186
-3.671247
6.176377
14.308800
11.505002
0.957949
-5.408900
-0.598411
9.468773
12.771465
4.995949
-5.488821
-7.196223
1.320221
9.786136
7.939535
-2.740537
-10.726753
-7.616243
2.292232
6.968687
0.464300
-10.259489
-13.307577
-5.495827
3.970307
4.009590
-5.654389
-14.159898
-11.907947
-1.512237
5.223430
0.828021
-9.299779
-13.109273
-5.739094
4.879610
7.085098
-1.158497
-9.906656
-8.589681
1.908041
10.262382
7.651831
-2.184795
-7.277948
-1.172303
9.661585
13.239171
5.807089
-3.827017
-4.352012
5.104579
13.962406
12.267707
2.048669
-5.038979
-1.068339
9.096797
13.405173
6.459414
-4.266292
-6.963175
0.989155
10.000032
9.217544
-1.070718
-9.771154
-7.664943
2.077945
7.577159
1.886380
-9.030315
-13.127775
-6.092395
3.687254
4.697390
-4.528449
-13.716848
-12.583325
-2.565725
4.856356
1.319278
-8.859716
-13.657756
-7.154389
3.651199
6.831662
-0.811633
-10.065024
-9.820561
0.231654
9.255319
7.656595
-1.970940
-7.864667
-2.603953
8.367970
12.974335
6.351638
-3.550874
-5.044523
3.927639
13.423940
12.854030
3.062011
-4.676287
-1.580649
8.588570
13.865774
7.821618
-3.036618
-6.691750
0.625423
10.100484
10.396244
0.606066
-8.717194
-7.627868
1.863012
8.138806
3.322395
-7.676966
-12.779953
-6.584834
3.417662
5.392131
-3.303925
-13.084592
-13.079241
-3.536259
4.499418
1.852168
-8.283546
-14.028150
-8.458825
2.424784
6.544607
-0.430071
-10.105364
-10.942191
-1.439370
8.159148
7.579901
-1.753375
-8.397917
-4.039034
6.959833
12.545884
6.792123
-3.287327
-5.738867
2.659211
12.699901
13.258559
3.987334
-4.326309
-2.133449
7.944985
14.143986
9.063863
-1.817871
-6.391371
0.225189
10.078722
11.456095
2.265210
-7.583596
-7.513887
1.641231
8.640350
4.751172
-6.219207
-12.273525
-6.973760
3.159512
6.083319
-1.995521
-12.271147
-13.391779
-4.414235
4.157429
2.424007
-7.573380
-14.212563
-9.634732
1.217981
6.233139
-0.010458
-10.019732
-11.935759
-3.080579
6.992980
7.431058
-1.525782
-8.864477
-5.456095
5.457813
11.964412
7.130116
-3.033800
-6.424018
1.314994
11.799791
13.478880
4.816101
-3.993164
-2.723258
7.169382
14.233349
10.169577
-0.627140
-6.070967
-0.214367
9.927687
12.379099
3.882522
-6.389764
-7.332685
1.406231
9.068701
6.151081
-4.678463
-11.620205
-7.261665
2.909711
6.759440
-0.619877
-11.287465
-13.520028
-5.192204
3.833803
3.030514
-6.733793
-14.206000
-10.666704
0.047281
5.905858
0.449454
-9.802010
-12.784164
-4.668149
5.776418
7.220058
-1.281798
-9.251468
-6.833418
3.884031
11.242685
7.368984
-2.786716
-7.088026
-0.087488
10.735971
13.515573
5.541958
-3.679551
-3.344993
6.267572
14.130364
11.124578
0.519751
-5.738758
-0.694885
9.642254
13.149139
5.434643
-5.155409
-7.094484
1.151718
9.411269
7.500410
-3.077453
-10.833741
-7.452746
2.664236
7.408177
0.804670
-10.147268
-13.466045
-5.864912
3.530518
3.665817
-5.771827
-14.006483
-11.541836
-1.072216
5.570553
0.950658
-9.448118
-13.472354
-6.179280
4.529188
6.957280
-1.015258
-9.546658
-8.149396
2.261708
10.395361
7.513711
-2.541654
-7.718266
-1.529162
9.523465
13.372150
6.160757
-3.386733
-3.992014
5.247820
13.834588
11.917286
1.608483
-5.402061
-1.216678
9.219435
13.752297
6.899433
-3.900181
-6.809760
0.871717
9.656259
8.777755
-1.439803
-9.929622
-7.552722
2.418315
8.016649
2.258384
-8.866817
-13.234764
-6.429313
3.248129
4.322523
-4.696952
-13.615109
-12.249912
-2.127031
5.234029
1.492760
-8.956191
-13.987614
-7.592685
3.271073
6.652969
-0.728051
-9.763485
-9.419331
0.609872
9.543352
7.847402
-1.873065
-7.885841
-2.768105
8.138883
12.916462
6.737784
-2.719390
-4.334155
3.407937
10.544527
7.311450
-3.945485
-10.477537
-2.962846
13.870293