
17.269260
18.983282
16.106209
8.877952
-0.727443
-9.575135
-14.522646
-13.703001
-7.384748
1.998689
10.716103
15.179343
13.376178
5.702884
-5.152449
-15.235539
-20.852403
-19.993760
-13.103810
-2.903576
6.653742
11.889917
10.797221
3.796480
-6.425225
-15.933832
-21.039811
-19.698827
-12.287974
-1.463724
8.843198
14.914547
14.650230
8.361254
-1.350429
-10.580648
-15.606509
-14.302084
-6.948384
3.870345
14.244295
20.417893
20.210209
13.838247
3.832314
-5.924087
-11.666815
-11.178975
-4.632886
5.474208
15.267278
20.964187
20.311158
13.438080
2.809954
-7.705872
-14.302627
-14.673464
-8.882851
0.660066
10.117019
15.679042
15.014780
8.158400
-2.500422
-13.120316
-19.862008
-20.340350
-14.524854
-4.748646
5.177142
11.408689
11.527761
5.460216
-4.494579
-14.535569
-20.802395
-20.840318
-14.531521
-4.140256
6.544082
13.640533
14.644194
9.372764
0.033526
-9.615582
-15.693846
-15.673237
-9.340938
1.116951
11.941972
19.225612
20.387493
15.149766
5.639598
-4.418587
-11.115751
-11.841418
-6.275256
3.489893
13.741254
20.554772
21.283976
15.563787
5.449171
-5.362697
-12.931293
-14.563097
-9.829738
-0.728342
9.077616
15.650259
16.274385
10.490977
0.274321
-10.714199
-18.511552
-20.351862
-15.710971
-6.502092
3.651070
10.788968
12.118701
7.074951
-2.463845
-12.887164
-20.222019
-21.640165
-16.530631
-6.731355
4.166633
12.178090
14.431029
10.252632
1.422362
-8.504539
-15.547837
-16.815360
-11.603607
-1.667599
9.442141
17.722999
20.234024
16.206734
7.333198
-2.877230
-10.429391
-12.358461
-7.856260
1.420254
11.976397
19.805199
21.907287
17.428089
7.981598
-2.960832
-11.384246
-14.249014
-10.640414
-2.113561
7.897905
15.386357
17.293522
12.674043
3.057066
-8.131131
-16.863428
-20.034884
-16.635600
-8.130141
2.099691
10.038151
12.559645
8.616165
-0.363051
-11.012309
-19.305737
-22.084118
-18.252500
-9.194846
1.750239
10.553210
14.018243
10.992168
2.799910
-7.259403
-15.165820
-17.706460
-13.697656
-4.436904
6.786667
15.936606
19.755682
16.996397
8.890309
-1.321052
-9.616459
-12.721303
-9.351685
-0.703739
9.998500
18.725410
22.169821
19.000517
10.366220
-0.539783
-9.688537
-13.740063
-11.307093
-3.479383
6.590855
14.886457
18.052013
14.669984
5.801322
-5.414388
-14.946573
-19.397986
-17.288240
-9.611262
0.543877
9.165598
12.842590
10.059885
1.776008
-8.938804
-18.066345
-22.163940
-19.669120
-11.491041
-0.665643
8.793877
13.415971
11.584497
4.149956
-5.894210
-14.548730
-18.328275
-15.586759
-7.144580
4.020051
13.897623
18.963680
17.510529
10.290741
0.229307
-8.686926
-12.922774
-10.737893
-2.849584
7.837272
17.331011
22.066412
20.255634
12.564844
1.861205
-7.872960
-13.047604
-11.823808
-4.809620
5.171539
14.153331
18.533611
16.443923
8.461014
-2.609506
-12.794290
-18.454956
-17.662952
-10.926669
-0.996024
8.181866
12.961238
11.382909
3.920248
-6.698156
-16.522208
-21.877561
-20.757734
-13.583399
-3.042145
6.929575
12.636734
12.024563
5.456380
-4.425034
-13.701187
-18.666661
-17.237648
-9.745059
1.188666
11.641320
17.874304
17.745480
11.517161
1.753849
-7.651910
-12.957484
-11.992215
-4.983749
5.525894
15.643057
21.598100
21.173459
14.542726
4.203800
-5.967557
-12.185255
-12.186414
-6.088261
3.656999
13.193457
18.726351
17.964353
10.991278
0.236512
-10.443656
-17.224497
-17.758366
-12.060524
-2.500421
7.098609
12.911138
12.563190
6.035821
-4.325091
-14.696987
-21.229128
-21.501216
-15.439113
-5.341624
4.990773
11.695177
12.309125
6.703314
-2.869847
-12.631531
-18.711902
-18.620721
-12.194380
-1.660054
9.206414
16.508578
17.702140
12.555267
3.233448
-6.523573
-12.821953
-13.093320
-7.072203
3.100503
13.687726
20.772127
21.739790
16.269129
6.451203
-4.003100
-11.168618
-12.392569
-7.299620
2.066091
12.017026
18.622831
19.203713
13.349246
3.075998
-7.934859
-15.729848
-17.577606
-13.000096
-3.950707
5.928466
12.689811
13.580211
8.088652
-1.857014
-12.619279
-20.228952
-21.888345
-17.029638
-7.528275
3.008417
10.607788
12.436732
7.875295
-1.248336
-11.351787
-18.458961
-19.710587
-14.450954
-4.478420
6.634384
14.891844
17.385833
13.393919
4.650058
-5.315005
-12.514727
-14.021596
-9.080967
0.599619
11.495915
19.601827
21.946428
17.717809
8.568742
-2.010584
-10.014989
-12.441704
-8.428496
0.419277
10.637878
18.220420
20.138906
15.494794
5.861454
-5.310487
-13.998330
-17.128148
-13.735850
-5.329441
4.684953
12.296853
14.415353
10.045003
0.666596
-10.322155
-18.893334
-21.913970
-18.331129
-9.568692
1.013428
9.392595
12.407684
8.957427
0.418314
-9.877578
-17.907647
-20.486552
-16.476294
-7.219321
3.968743
13.053275
16.806131
14.025205
5.986888
-4.040119
-12.036479
-14.759508
-10.976687
-1.936476
9.102741
18.106402
21.791289
18.867411
10.524408
-0.020731
-8.743053
-12.334974
-9.460340
-1.261597
9.073377
17.521391
20.751739
17.391240
8.546355
-2.614786
-12.060837
-16.421603
-14.261501
-6.620523
3.382349
11.734031
15.052251
11.872042
3.204821
-7.842630
-17.244296
-21.579080
-19.324802
-11.432384
-0.963790
8.068862
12.223979
9.935546
2.107669
-8.227964
-17.062708
-20.933019
-18.235690
-9.837025
1.254279
11.025339
15.976613
14.444459
7.228565
-2.713528
-11.390078
-15.291940
-12.727197
-4.466405
6.546964
16.310600
21.278419
19.701787
12.289339
1.936490
-7.372574
-12.075203
-10.381416
-2.953576
7.344224
16.532965
21.029292
19.005999
11.085961
0.107109
-9.951258
-15.473434
-14.573997
-7.809334
2.035573
11.005333
15.477117
13.538410
5.715996
-5.221051
-15.309207
-20.890753
-19.997197
-13.092227
-2.893816
6.656777
11.889249
10.796389
3.796324
-6.425225
-15.933832
-21.039811
-19.698827
-12.287974
-1.463724
8.843198
14.914547
14.650230
8.361254
-1.350429
-10.580648
-15.606509
-14.302084
-6.948384
3.870345
14.244295
20.417893
20.210209
13.838247
3.832314
-5.924087
-11.666815
-11.178975
-4.632886
5.474208
15.267278
20.964187
20.311158
13.438080
2.809954
-7.705872
-14.302627
-14.673464
-8.882851
0.660066
10.117019
15.679042
15.014780
8.158400
-2.500422
-13.120316
-19.862008
-20.340350
-14.524854
-4.748646
5.177142
11.408689
11.527761
5.460216
-4.494579
-14.535569
-20.802395
-20.840318
-14.531521
-4.140256
6.544082
13.640533
14.644194
9.372764
0.033526
-9.615582
-15.693846
-15.673237
-9.340938
1.116951
11.941972
19.225612
20.387493
15.149766
5.639598
-4.418587
-11.115751
-11.841418
-6.275256
3.489893
13.741254
20.554772
21.283976
15.563787
5.449171
-5.362697
-12.931293
-14.563097
-9.829738
-0.728342
9.077616
15.650259
16.274385
10.490977
0.274321
-10.714199
-18.511552
-20.351862
-15.710971
-6.502092
3.651070
10.788968
12.118701
7.074951
-2.463845
-12.887164
-20.222019
-21.640165
-16.530631
-6.731355
4.166633
12.178090
14.431029
10.252632
1.422362
-8.504539
-15.547837
-16.815360
-11.603607
-1.667599
9.442141
17.722999
20.234024
16.206734
7.333198
-2.877230
-10.429391
-12.358461
-7.856260
1.420254
11.976397
19.805199
21.907287
17.428089
7.981598
-2.960832
-11.384246
-14.249014
-10.640414
-2.113561
7.897905
15.386357
17.293522
12.674043
3.057066
-8.131131
-16.863428
-20.034884
-16.635600
-8.130141
2.099691
10.038151
12.559645
8.616165
-0.363051
-11.012309
-19.305737
-22.084118
-18.252500
-9.194846
1.750239
10.553210
14.018243
10.992168
2.799910
-7.259403
-15.165820
-17.706460
-13.697656
-4.436904
6.786667
15.936606
19.755682
16.996397
8.890309
-1.321052
-9.616459
-12.721303
-9.351685
-0.703739
9.998500
18.725410
22.169821
19.000517
10.366220
-0.539783
-9.688537
-13.740063
-11.307093
-3.479383
6.590855
14.886457
18.052013
14.669984
5.801322
-5.414388
-14.946573
-19.397986
-17.288240
-9.611262
0.543877
9.165598
12.842590
10.059885
1.776008
-8.938804
-18.066345
-22.163940
-19.669120
-11.491041
-0.665643
8.793877
13.415971
11.584497
4.149956
-5.894210
-14.548730
-18.328275
-15.586759
-7.144580
4.020051
13.897623
18.963680
17.510529
10.290741
0.229307
-8.686926
-12.922774
-10.737893
-2.849584
7.837272
17.331011
22.066412
20.255634
12.564844
1.861205
-7.872960
-13.047604
-11.823808
-4.809620
5.171539
14.153331
18.533611
16.443923
8.461014
-2.609506
-12.794290
-18.454956
-17.662952
-10.926669
-0.996024
8.181866
12.961238
11.382909
3.920248
-6.698156
-16.522208
-21.877561
-20.757734
-13.583399
-3.042145
6.929575
12.636734
12.024563
5.456380
-4.425034
-13.701187
-18.666661
-17.237648
-9.745059
1.188666
11.641320
17.874304
17.745480
11.517161
1.753849
-7.651910
-12.957484
-11.992215
-4.983749
5.525894
15.643057
21.598100
21.173459
14.542726
4.203800
-5.967557
-12.185255
-12.186414
-6.088261
3.656999
13.193457
18.726351
17.964353
10.991278
0.236512
-10.443656
-17.224497
-17.758366
-12.060524
-2.500421
7.098609
12.911138
12.563190
6.035821
-4.325091
-14.696987
-21.229128
-21.501216
-15.439113
-5.341624
4.990773
11.695177
12.309125
6.703314
-2.869847
-12.631531
-18.711902
-18.620721
-12.194380
-1.660054
9.206414
16.508578
17.702140
12.555267
3.233448
-6.523573
-12.821953
-13.093320
-7.072203
3.100503
13.687726
20.772127
21.739790
16.269129
6.451203
-4.003100
-11.168618
-12.392569
-7.299620
2.066091
12.017026
18.622831
19.203713
13.349246
3.075998
-7.934859
-15.729848
-17.577606
-13.000096
-3.950707
5.928466
12.689811
13.580211
8.088652
-1.857014
-12.619279
-20.228952
-21.888345
-17.029638
-7.528275
3.008417
10.607788
12.436732
7.875295
-1.248336
-11.351787
-18.458961
-19.710587
-14.450954
-4.478420
6.634384
14.891844
17.385833
13.393919
4.650058
-5.315005
-12.514727
-14.021596
-9.080967
0.599619
11.495915
19.601827
21.946428
17.717809
8.568742
-2.010584
-10.014989
-12.441704
-8.428496
0.419277
10.637878
18.220420
20.138906
15.494794
5.861454
-5.310487
-13.998330
-17.128148
-13.735850
-5.329441
4.684953
12.296853
14.415353
10.045003
0.666596
-10.322155
-18.893334
-21.913970
-18.331129
-9.568692
1.013428
9.392595
12.407684
8.957427
0.418314
-9.877578
-17.907647
-20.486552
-16.476294
-7.219321
3.968743
13.053275
16.806131
14.025205
5.986888
-4.040119
-12.036479
-14.759508
-10.976687
-1.936476
9.102741
18.106402
21.791289
18.867411
10.524408
-0.020731
-8.743053
-12.334974
-9.460340
-1.261597
9.073377
17.521391
20.751739
17.391240
8.546355
-2.614786
-12.060837
-16.421603
-14.261501
-6.620523
3.382349
11.734031
15.052251
11.872042
3.204821
-7.842630
-17.244296
-21.579080
-19.324802
-11.432384
-0.963790
8.068862
12.223979
9.935546
2.107669
-8.227964
-17.062708
-20.932650
-18.233041
-9.830318
1.261056
11.018391
15.938591
14.373548
7.159120
-2.710818
-11.245459
-15.003283
-12.415375
-4.362870
6.213354
15.497202
20.280216
19.137336
12.839578
3.885799
-4.591926
-10.053533
-11.399964
-9.147379
-4.945782