
270.000000
-73.784257
-59.688825
-48.508700
-39.952956
-33.404590
-28.306602
-24.245451
-20.932992
-18.169251
-15.815304
-13.772328
-11.969077
-10.353162
-8.885233
-7.535372
-6.280556
-5.102626
-3.987266
-2.923319
119.798967
-0.913780
0.045325
0.980970
1.897419
2.797908
3.685479
4.562287
5.430475
6.291490
7.146772
7.997509
8.844501
9.688574
10.530328
11.370273
12.208810
13.046323
13.883034
14.719119
15.554782
16.390119
17.225215
18.060126
18.894884
19.729482
20.563953
21.398210
22.232281
23.066109
23.899643
24.732815
25.565581
26.397841
27.229548
28.060595
28.890898
29.720383
30.548922
31.376400
32.202713
33.027718
33.851289
34.673259
35.493477
36.311774
37.127957
37.941813
38.753148
39.561708
40.367265
41.169551
41.968287
42.763195
43.553956
44.340257
45.121768
45.898150
46.669056
47.434136
48.193033
48.945396
49.690875
50.429133
51.159844
51.882698
52.597413
53.303725
54.001410
54.690278
55.370178
56.041002
56.702694
57.355247
57.998705
58.633170
59.258797
59.875799
60.484443
61.085052
61.677999
62.263709
48.641451
63.415348
63.982346
64.544238
65.101646
65.655223
66.205642
66.753598
67.299804
67.844984
68.389878
68.935234
69.481805
70.030359
70.581664
71.136493
71.695637
72.259891
72.830062
73.406967
73.991449
74.584364
75.186599
75.799065
76.422711
77.058534
77.707560
78.370890
79.049665
79.745118
80.458539
81.191310
81.944920
82.720954
83.521121
84.347250
85.201323
86.085480
87.002018
87.953407
88.942361
89.971707
91.044580
92.164395
93.334656
94.559197
95.842135
97.187763
98.600641
100.085554
101.647367
103.291126
105.021833
106.844412
108.763592
110.783458
112.907674
115.139052
117.478911
119.926875
122.481261
125.137558
127.889178
130.726433
133.637183
136.606595
139.617234
142.649879
145.684066
148.698879
151.673575
154.588537
157.426090
160.170680
162.809616
165.333088
167.733953
170.007898
172.153102
174.169554
176.059454
177.826243
90.066863
181.009282
182.436829
183.763513
184.995724
186.139959
187.202873
188.190837
189.110028
189.966456
190.765791
191.513443
192.214455
192.873822
193.495802
194.084617
194.644264
195.177767
195.688798
196.180233
196.654533
197.114236
197.561444
197.997579
198.424771
198.844054
199.256685
199.663892
200.066308
200.464260
200.858781
201.249773
201.637764
202.023012
202.405260
202.785018
203.161966
203.535755
203.906676
204.274520
204.639184
205.000291
205.358051
205.712011
206.062405
206.408794
206.751527
207.090069
207.424798
207.755661
208.082693
208.405811
208.725271
209.041154
209.353387
209.662662
209.968506
210.271559
210.571479
210.869228
211.164444
211.457113
211.747733
212.036624
212.323376
212.609055
212.892943
213.175526
213.456828
213.736932
214.015928
214.293930
214.571054
214.846933
215.122089
215.396128
215.669264
215.941512
216.212716
216.482935
216.752099
217.020146
217.287052
217.552851
217.817236
218.080759
218.342843
218.603622
218.863163
219.121273
219.377954
219.633648
219.887728
220.140793
220.392320
220.642871
220.892285
221.140146
221.387421
221.632965
221.877795
222.121738
222.364812
222.606905
222.848216
223.088908
223.328713
223.568167
223.806889
224.045050
224.282913
224.519864
224.756641
224.992835
225.228598
225.464110
225.699025
225.933754
226.167953
226.401764
226.634914
226.868077
227.100600
227.332593
227.564166
227.795186
228.025750
228.255733
228.485377
228.714121
228.942275
229.170269
229.397478
229.624135
229.850399
230.075726
230.300729
230.525094
230.748902
230.972338
231.195273
231.417596
231.639530
231.861036
232.082152
232.302839
232.523282
232.743195
232.962849
233.182282
233.401507
233.620260
233.838824
234.057260
234.275318
234.493380
234.711105
234.928678
235.146067
235.363177
235.580225
235.796868
236.013322
236.229710
236.445935
236.661648
236.877176
237.092613
237.307767
237.522537
237.737086
237.951360
238.165196
238.379039
238.592530
238.805549
239.018340
239.230893
239.443084
239.655097
239.866765
240.078215
240.289358
240.500317
240.711178
240.921492
241.131688
241.341836
241.551787
241.761447
241.970951
242.180419
242.389484
242.598832
242.807812
243.016753
243.225577
243.434228
243.642676
243.851281
244.059565
244.267916
244.476062
244.684120
244.891988
245.099863
245.307624
245.515108
245.722631
245.929810
246.136886
246.343928
246.550878
246.757428
246.964074
247.170283
247.376560
247.582484
247.788486
247.994034
248.199848
248.404957
248.610397
248.815285
249.020263
249.225068
249.429746
249.634361
249.838930
250.043223
250.247508
250.451715
250.655987
250.859890
251.063802
251.267796
251.471692
251.675468
251.879277
252.082926
252.286371
252.490178
252.693811
252.897221
253.100705
253.304036
253.507155
253.710601
253.913749
254.116886
254.319838
254.522861
254.725855
254.928498
255.131442
255.333777
255.536080
255.738686
255.940899
256.143222
256.345451
256.547396
256.749371
256.951228
257.153134
257.354748
257.556362
257.757993
257.959422
258.161005
258.362351
258.563827
258.765023
258.966498
259.167732
259.369054
259.570413
259.771521
259.972552
260.173918
260.375169
260.576252
260.777605
260.978521
261.179668
261.380714
261.581830
261.782813
261.983868
262.184795
262.385915
262.586637
262.787430
262.988318
263.189086
263.389818
263.590391
263.791127
263.991869
264.192243
264.392713
264.593172
264.793482
264.993930
265.194320
265.394539
265.594989
265.795031
265.995212
266.195438
266.395435
266.595796
266.795783
266.996140
267.196093
267.396498
267.596558
267.796893
267.997271
268.197342
268.397603
268.597850
268.798273
268.998416
269.198830
269.399028
269.599433
269.799673
270.000000