
90.000000
90.361559
90.723419
91.085885
91.449271
91.813907
92.180140
92.548341
92.918908
93.292272
93.668899
94.049296
94.434014
94.823649
95.218851
95.620320
96.028813
96.445144
96.870187
97.304876
99.273193
98.207230
98.677063
99.160879
99.659904
100.175422
100.708762
101.261302
101.834457
102.429676
103.048436
103.692233
104.362573
105.060964
105.788906
106.547878
107.339329
108.164664
109.025229
109.922302
110.857073
111.830629
112.843942
113.897848
114.993030
116.130007
117.309107
118.530457
119.793967
121.099312
122.445919
123.832958
125.259328
126.723656
128.224294
129.759315
131.326530
132.923483
134.547490
136.195625
137.864782
139.551700
141.252953
142.965033
144.684377
146.407411
148.130557
149.850307
151.563252
153.266108
154.955734
156.629202
158.283752
159.916846
161.526202
163.109738
164.665642
166.192282
167.688306
169.152579
170.584130
171.982204
173.346252
174.675825
175.970713
177.230747
178.455938
179.646432
180.802382
181.924031
183.011756
184.065970
185.087109
186.075593
187.032028
187.956877
188.850738
189.714204
190.547855
191.352201
192.127924
192.875624
45.107282
194.289292
194.956477
195.598055
196.214636
196.806779
197.375172
197.920370
198.443019
198.943787
199.423274
199.882079
200.320929
200.740417
201.141238
201.524115
201.889677
202.238647
202.571726
202.889646
203.193093
203.482887
203.759680
204.024250
204.277336
204.519661
204.751970
204.975019
205.189474
205.396102
205.595532
205.788475
205.975548
206.157385
206.334578
206.507669
206.677234
206.843672
207.007536
207.169181
207.328954
207.487396
207.644627
207.800909
207.956570
208.111726
208.266609
208.421310
208.575927
208.730637
208.885393
209.040279
209.195268
209.350490
209.505822
209.661295
209.816903
209.972574
210.128321
210.284145
210.439957
210.595823
210.751631
210.907470
211.063226
211.219032
211.374775
211.530551
211.686327
211.842169
211.998034
212.154115
212.310324
212.466682
212.623271
212.780206
212.937378
213.095025
213.253046
213.411457
213.570350
213.729765
90.150366
214.050141
214.211112
214.372686
214.534788
214.697403
214.860573
215.024202
215.188328
215.352904
215.517901
215.683259
215.848913
216.014965
216.181225
216.347689
216.514390
216.681096
216.847943
217.014864
217.181787
217.348713
217.515656
217.682413
217.849190
218.015799
218.182291
218.348779
218.515157
218.681326
218.847494
219.013482
219.179418
219.345339
219.511144
219.677037
219.842929
220.008737
220.174639
220.340615
220.506711
220.672842
220.839155
221.005571
221.172204
221.338926
221.505911
221.672994
221.840300
222.007823
222.175553
222.343417
222.511499
222.679743
222.848079
223.016735
223.185410
223.354302
223.523186
223.692336
223.861553
224.030724
224.199971
224.369355
224.538621
224.708131
224.877535
225.046973
225.216413
225.385822
225.555235
225.724646
225.894102
226.063440
226.232872
226.402218
226.571604
226.741017
226.910446
227.079886
227.249374
227.418881
227.588435
227.758063
227.927664
228.097486
228.267301
228.437196
228.607195
228.777226
228.947286
229.117593
229.287861
229.458299
229.628728
229.799329
229.970038
230.140656
230.311575
230.482241
230.653095
230.824038
230.995043
231.165999
231.337019
231.508077
231.679072
231.850230
232.021326
232.192425
232.363634
232.534639
232.705787
232.876858
233.047943
233.219083
233.390143
233.561324
233.732443
233.903598
234.074651
234.245930
234.417154
234.588349
234.759613
234.930881
235.102214
235.273554
235.445032
235.616388
235.787757
235.959397
236.130961
236.302587
236.474339
236.645958
236.817732
236.989498
237.161289
237.333192
237.505126
237.677019
237.848971
238.020953
238.192956
238.364971
238.537036
238.709047
238.881082
239.053161
239.225280
239.397297
239.569352
239.741443
239.913473
240.085597
240.257669
240.429759
240.601857
240.773937
240.946087
241.118142
241.290214
241.462391
241.634590
241.806697
241.978839
242.151078
242.323329
242.495547
242.667815
242.840115
243.012358
243.184788
243.357206
243.529569
243.701992
243.874454
244.046916
244.219437
244.391949
244.564506
244.737063
244.909649
245.082319
245.254849
245.427437
245.600093
245.772757
245.945365
246.117976
246.290655
246.463205
246.635954
246.808584
246.981257
247.153918
247.326562
247.499155
247.671873
247.844486
248.017195
248.189857
248.362536
248.535189
248.707907
248.880645
249.053317
249.226091
249.398778
249.571500
249.744295
249.917135
250.089877
250.262755
250.435526
250.608423
250.781242
250.954196
251.127022
251.300069
251.472861
251.645900
251.818750
251.991719
252.164680
252.337647
252.510640
252.683674
252.856621
253.029614
253.202613
253.375683
253.548610
253.721569
253.894607
254.067620
254.240601
254.413628
254.586592
254.759485
254.932584
255.105621
255.278580
255.451602
255.624589
255.797503
255.970616
256.143626
256.316670
256.489673
256.662757
256.835881
257.008883
257.182086
257.355051
257.528055
257.701263
257.874336
258.047518
258.220706
258.393812
258.566981
258.740142
258.913375
259.086500
259.259668
259.432878
259.606022
259.779270
259.952427
260.125668
260.298788
260.472065
260.645233
260.818456
260.991708
261.164839
261.337940
261.511212
261.684431
261.857576
262.030858
262.203935
262.377133
262.550293
262.723499
262.896654
263.069864
263.243027
263.416307
263.589416
263.762584
263.935826
264.109038
264.282262
264.455438
264.628725
264.802049
264.975217
265.148466
265.321737
265.494961
265.668280
265.841594
266.014842
266.188223
266.361416
266.534692
266.707998
266.881198
267.054579
267.227776
267.401154
267.574328
267.747717
267.920928
268.094265
268.267612
268.440795
268.614061
268.787307
268.960629
269.133804
269.307103
269.480288
269.653568
269.826764
270.000000