
90.000000
106.215743
120.311001
131.491300
140.047009
146.595410
151.693547
155.754549
159.067092
161.830749
164.184716
166.227672
168.030896
169.646838
171.114781
172.464628
173.719471
174.897374
176.012633
177.076681
124.069633
179.086220
180.045298
180.980970
181.897362
182.797908
183.685426
184.562287
185.430427
186.291490
187.146816
187.997509
188.844511
189.688574
190.530324
191.370273
192.208833
193.046323
193.883013
194.719119
195.554780
196.390119
197.225217
198.060126
198.894874
199.729482
200.563920
201.398210
202.232284
203.066109
203.899636
204.732815
205.565564
206.397841
207.229537
208.060595
208.890922
209.720383
210.548910
211.376400
212.202704
213.027718
213.851274
214.673259
215.493489
216.311774
217.127934
217.941813
218.753117
219.561708
220.367260
221.169551
221.968323
222.763195
223.553954
224.340257
225.121772
225.898150
226.669069
227.434136
228.193033
228.945396
229.690882
230.429133
231.159838
231.882698
232.597374
233.303725
234.001404
234.690278
235.370147
236.041002
236.702735
237.355247
237.998738
238.633170
239.258772
239.875799
240.484464
241.085052
241.677986
242.263709
44.949273
243.415348
243.982321
244.544238
245.101669
245.655223
246.205638
246.753598
247.299791
247.844984
248.389884
248.935234
249.481818
250.030359
250.581641
251.136493
251.695645
252.259891
252.830048
253.406967
253.991445
254.584364
255.186593
255.799065
256.422723
257.058534
257.707570
258.370890
259.049678
259.745118
260.458531
261.191310
261.944921
262.720954
263.521115
264.347250
265.201331
266.085480
267.002004
267.953407
268.942321
269.971707
-88.955361
-87.835605
-86.665361
-85.440803
-84.157877
-82.812237
-81.399339
-79.914446
-78.352621
-76.708874
-74.978169
-73.155588
-71.236477
-69.216542
-67.092237
-64.860948
-62.521217
-60.073125
-57.518794
-54.862442
-52.110884
-49.273567
-46.362763
-43.393405
-40.382785
-37.350121
-34.315901
-31.301121
-28.326451
-25.411463
-22.573942
-19.829320
-17.190347
-14.666912
-12.266049
-9.992102
-7.846976
-5.830446
-3.940518
-2.173757
84.225393
1.009282
2.436886
3.763513
4.995679
6.139959
7.202879
8.190837
9.110040
9.966456
10.765788
11.513443
12.214525
12.873822
13.495802
14.084617
14.644098
15.177767
15.688839
16.180233
16.654581
17.114236
17.561289
17.997579
18.424708
18.844054
19.256789
19.663892
20.066168
20.464260
20.858671
21.249773
21.637831
22.023012
22.405401
22.785018
23.161827
23.535755
23.906694
24.274520
24.639098
25.000291
25.357969
25.712011
26.062314
26.408794
26.751390
27.090069
27.424820
27.755661
28.082635
28.405811
28.725280
29.041154
29.353566
29.662662
29.968603
30.271559
30.571707
30.869228
31.164304
31.457113
31.747831
32.036624
32.323650
32.609055
32.892974
33.175526
33.456815
33.736932
34.015951
34.293930
34.570914
34.846933
35.122003
35.396128
35.669303
35.941512
36.212733
36.482935
36.752085
37.020146
37.287081
37.552851
37.817422
38.080759
38.342833
38.603622
38.863106
39.121273
39.378120
39.633648
39.887867
40.140793
40.392451
40.642871
40.892089
41.140146
41.387088
41.632965
41.877830
42.121738
42.364745
42.606905
42.848275
43.088908
43.328856
43.568167
43.806884
44.045050
44.282700
44.519864
44.756569
44.992835
45.228679
45.464110
45.699135
45.933754
46.167966
46.401764
46.635138
46.868077
47.100567
47.332593
47.564138
47.795186
48.025723
48.255733
48.485203
48.714121
48.942479
49.170269
49.397488
49.624135
49.850213
50.075726
50.300682
50.525094
50.748973
50.972338
51.195205
51.417596
51.639532
51.861036
52.082130
52.302839
52.523187
52.743195
52.962886
53.182282
53.401400
53.620260
53.838875
54.057260
54.275425
54.493380
54.711129
54.928678
55.146027
55.363177
55.580126
55.796868
56.013398
56.229710
56.445796
56.661648
56.877256
57.092613
57.307709
57.522537
57.737090
57.951360
58.165345
58.379039
58.592440
58.805549
59.018365
59.230893
59.443135
59.655097
59.866788
60.078215
60.289387
60.500317
60.711014
60.921492
61.131762
61.341836
61.551727
61.761447
61.971007
62.180419
62.389691
62.598832
62.807851
63.016753
63.225544
63.434228
63.642806
63.851281
64.059651
64.267916
64.476073
64.684120
64.892051
65.099863
65.307550
65.515108
65.722529
65.929810
66.136945
66.343928
66.550757
66.757428
66.963937
67.170283
67.376465
67.582484
67.788339
67.994034
68.199572
68.404957
68.610192
68.815285
69.020242
69.225068
69.429772
69.634361
69.838842
70.043223
70.247511
70.451715
70.655839
70.859890
71.063875
71.267796
71.471660
71.675468
71.879223
72.082926
72.286578
72.490178
72.693727
72.897221
73.100658
73.304036
73.507352
73.710601
73.913781
74.116886
74.319914
74.522861
74.725723
74.928498
75.131183
75.333777
75.536278
75.738686
75.941000
76.143222
76.345353
76.547396
76.749353
76.951228
77.153024
77.354748
77.556402
77.757993
77.959526
78.161005
78.362437
78.563827
78.765179
78.966498
79.167788
79.369054
79.570297
79.771521
79.972728
80.173918
80.375093
80.576252
80.777395
80.978521
81.179628
81.380714
81.581777
81.782813
81.983820
82.184795
82.385735
82.586637
82.787499
82.988318
83.189091
83.389818
83.590497
83.791127
83.991709
84.192243
84.392730
84.593172
84.793571
84.993930
85.194251
85.394539
85.594798
85.795031
85.995243
86.195438
86.395621
86.595796
86.795968
86.996140
87.196315
87.396498
87.596690
87.796893
87.997110
88.197342
88.397588
88.597850
88.798126
88.998416
89.198717
89.399028
89.599348
89.799673
90.000000