
270.000000
269.997836
269.995621
269.993243
269.990694
269.987870
269.984705
269.981249
269.977314
269.972979
269.968112
269.962756
269.956829
269.950378
269.943384
269.935756
269.927583
269.918911
269.909687
269.899959
120.222787
269.879087
269.867997
269.856531
269.844730
269.832532
269.820027
269.807301
269.794286
269.780975
269.767425
269.753585
269.739423
269.725019
269.710218
269.695008
269.679351
269.663113
269.646281
269.628741
269.610381
269.591173
269.570943
269.549616
269.527088
269.503278
269.478054
269.451459
269.423338
269.393667
269.362473
269.329738
269.295541
269.259974
269.223139
269.185271
269.146543
269.107248
269.067680
269.028354
268.989626
268.951947
268.915957
268.882346
268.851748
268.824835
268.802485
268.785635
268.775050
268.771831
268.776889
268.791260
268.816096
268.852382
268.901347
268.964133
269.041863
269.135772
269.247040
269.376750
269.526211
269.696599
269.889070
-89.895143
-89.654913
-89.388963
-89.096213
-88.775361
-88.425334
-88.044798
-87.632671
-87.187593
-86.708379
-86.193805
-85.642451
-85.053083
-84.424257
-83.754508
-83.042430
-82.286456
-81.485030
-80.636486
44.875987
-78.791294
-77.791138
-76.736774
-75.626425
-74.458232
-73.230323
-71.940827
-70.588047
-69.170309
-67.686119
-66.134135
-64.513349
-62.823034
-61.062883
-59.233038
-57.334239
-55.367878
-53.336023
-51.241524
-49.088109
-46.880413
-44.623850
-42.324761
-39.990287
-37.628290
-35.247193
-32.855935
-30.463613
-28.079526
-25.712738
-23.372079
-21.065868
-18.801805
-16.586833
-14.427045
-12.327675
-10.293001
-8.326462
-6.430575
-4.607083
-2.857012
-1.180658
0.422220
1.952372
3.410987
4.799585
6.119992
7.374251
8.564570
9.693308
10.762896
11.775834
12.734642
13.641863
14.500025
15.311634
16.079166
16.805050
17.491670
18.141354
18.756368
19.338921
19.891151
20.415131
20.912859
21.386266
21.837204
22.267451
22.678704
23.072583
23.450625
23.814283
24.164929
24.503847
24.832239
25.151218
25.461814
25.764971
26.061551
26.352332
26.638015
28.696868
27.196497
27.470321
27.741104
28.009191
28.274872
28.538382
28.799907
29.059590
29.317535
29.573812
29.828462
30.081504
30.332935
30.582738
30.830887
31.077347
31.322080
31.565047
31.806213
32.045547
32.283023
32.518626
32.752347
32.984190
33.214169
33.442307
33.668639
33.893211
34.116076
34.337299
34.556950
34.775106
34.991851
35.207270
35.421453
35.634490
35.846472
36.057487
36.267623
36.476963
36.685584
36.893560
37.100957
37.307837
37.514252
37.720247
37.925863
38.131129
38.336070
38.540703
38.745039
38.949082
39.152831
39.356283
39.559426
39.762249
39.964736
40.166871
40.368637
40.570014
40.770987
40.971537
41.171651
41.371315
41.570518
41.769254
41.967517
42.165306
42.362623
42.559472
42.755861
42.951802
43.147308
43.342396
43.537083
43.731391
43.925340
44.118953
44.312254
44.505266
44.698011
44.890513
45.082794
45.274873
45.466770
45.658502
45.850084
46.041529
46.232847
46.424049
46.615139
46.806123
46.997001
47.187775
47.378443
47.569002
47.759447
47.949772
48.139971
48.330037
48.519962
48.709738
48.899359
49.088818
49.278107
49.467222
49.656158
49.844911
50.033480
50.221862
50.410058
50.598070
50.785901
50.973554
51.161035
51.348349
51.535505
51.722509
51.909370
52.096098
52.282700
52.469187
52.655567
52.841849
53.028043
53.214155
53.400193
53.586163
53.772073
53.957925
54.143725
54.329474
54.515176
54.700830
54.886437
55.071997
55.257508
55.442967
55.628372
55.813719
55.999006
56.184228
56.369382
56.554463
56.739468
56.924393
57.109236
57.293994
57.478664
57.663245
57.847735
58.032135
58.216445
58.400666
58.584798
58.768845
58.952809
59.136694
59.320502
59.504237
59.687905
59.871510
60.055056
60.238547
60.421988
60.605384
60.788738
60.972055
61.155338
61.338589
61.521812
61.705008
61.888179
62.071327
62.254451
62.437552
62.620629
62.803681
62.986708
63.169707
63.352677
63.535617
63.718522
63.901392
64.084224
64.267016
64.449766
64.632472
64.815131
64.997743
65.180307
65.362822
65.545287
65.727702
65.910068
66.092385
66.274654
66.456878
66.639057
66.821193
67.003290
67.185348
67.367372
67.549362
67.731323
67.913256
68.095165
68.277051
68.458917
68.640766
68.822598
69.004416
69.186220
69.368013
69.549793
69.731563
69.913322
70.095069
70.276804
70.458527
70.640235
70.821929
71.003607
71.185268
71.366909
71.548529
71.730128
71.911703
72.093253
72.274777
72.456273
72.637742
72.819183
73.000594
73.181976
73.363330
73.544654
73.725951
73.907221
74.088464
74.269683
74.450879
74.632052
74.813206
74.994341
75.175460
75.356563
75.537654
75.718733
75.899803
76.080864
76.261919
76.442967
76.624011
76.805050
76.986085
77.167117
77.348146
77.529171
77.710192
77.891209
78.072220
78.253226
78.434224
78.615215
78.796196
78.977167
79.158127
79.339074
79.520008
79.700927
79.881830
80.062718
80.243589
80.424444
80.605281
80.786101
80.966904
81.147691
81.328462
81.509218
81.689960
81.870688
82.051405
82.232111
82.412807
82.593496
82.774178
82.954855
83.135528
83.316198
83.496867
83.677536
83.858205
84.038876
84.219549
84.400224
84.580902
84.761583
84.942266
85.122952
85.303639
85.484329
85.665019
85.845709
86.026398
86.207085
86.387769
86.568449
86.749125
86.929795
87.110458
87.291114
87.471762
87.652402
87.833033
88.013655
88.194267
88.374871
88.555466
88.736053
88.916632
89.097204
89.277771
89.458332
89.638890
89.819446
90.000000