
28.472263
28.013115
15.113461
2.650701
-2.245173
-3.834724
-9.356825
-17.528867
-18.339714
-5.004084
15.798573
28.063356
21.571953
1.897134
-15.508364
-20.545259
-16.511404
-13.077448
-13.465265
-11.169258
0.183266
16.037835
22.870322
11.890575
-10.521828
-27.738576
-28.430252
-16.264257
-3.892164
1.200207
2.904535
8.543345
17.183495
18.838522
6.177005
-14.775655
-28.073097
-22.804207
-3.701466
14.026139
19.811429
16.356042
13.201794
13.867937
12.012872
0.940030
-15.288454
-23.162388
-13.225248
8.945098
26.906565
28.739814
17.339412
5.100032
-0.158891
-1.956963
-7.688568
-16.775591
-19.279819
-7.337284
13.701294
27.992343
23.961553
5.489261
-12.500000
-19.002761
-16.123844
-13.256681
-14.209094
-12.814791
-2.063362
14.491081
23.388307
14.527929
-7.331252
-25.979069
-28.940903
-18.335053
-6.269218
-0.873737
0.996530
6.795998
16.306608
19.662245
8.481572
-12.578278
-27.820654
-25.039580
-7.253834
10.936222
18.123378
15.816609
13.242093
14.487100
13.571848
3.182996
-13.647962
-23.546973
-15.794231
5.685603
24.959293
29.033052
19.247656
7.394844
1.892708
-0.027805
-5.869291
-15.778213
-19.984625
-9.606550
11.409570
27.557895
26.034142
8.988581
-9.341213
-17.177683
-15.436472
-13.158336
-14.700600
-14.281060
-4.295224
12.761469
23.637456
17.019834
-4.013617
-23.850802
-29.016228
-20.074067
-8.472263
-2.893148
-0.944614
4.912240
15.192288
20.245966
10.708935
-10.198301
-27.204236
-26.941377
-10.687011
7.721486
16.170339
14.985888
13.006046
14.848527
14.939641
5.396379
-11.834096
-23.659010
-18.200502
2.320895
22.657506
28.890829
20.811511
9.497079
3.870299
1.916125
-3.928758
-14.550909
-20.445464
-11.785494
8.947764
26.760162
27.757722
12.342765
-6.083631
-15.106244
-14.467623
-12.786178
-14.930104
-15.545005
-6.482844
10.868448
23.611076
19.332097
-0.613155
-21.383647
-28.657684
-21.457604
-10.465167
-4.819542
-2.882139
2.922860
13.856349
20.582503
12.833045
-7.661407
-26.226467
-28.479930
-13.949652
4.434284
13.990511
13.884738
12.500000
14.944846
16.094781
7.551067
-9.867237
-23.493285
-20.410596
-1.103787
20.033783
28.318052
22.010360
11.372688
5.736414
3.838103
-1.898648
-13.111058
-20.656653
-13.848473
6.342826
25.604261
29.105083
15.501663
-2.780108
-12.828441
-13.240572
-12.149090
-14.892562
-16.586818
-8.597570
8.833273
23.305462
21.432100
2.824040
-18.612774
-27.873612
-22.468198
-12.216104
-6.616630
-4.779523
0.860290
12.317661
20.667673
14.828729
-4.995752
-24.894969
-29.630606
-16.993003
1.127755
11.625505
12.538727
11.735323
14.773355
17.019193
9.618959
-7.769459
-23.047629
-22.392857
-4.541658
17.125760
27.326458
22.829950
12.992195
7.456103
5.701977
0.187991
-11.478942
-20.615511
-15.770847
3.624046
24.100326
30.054281
18.418112
0.516155
-10.387312
-11.783048
-11.260864
-14.587619
-17.390217
-10.611937
6.678781
22.720007
23.289271
6.250663
-15.578146
-26.679092
-23.094860
-13.698068
-8.250960
-6.601142
-1.241945
10.597833
20.500297
16.671946
-2.231686
-23.222378
-30.374253
-19.771686
-2.145066
9.119587
10.977607
10.728154
14.336036
17.698439
11.573310
-5.564302
-22.323017
-24.117918
-7.945063
13.975579
25.934409
23.262589
14.331172
8.997561
7.472809
2.297302
-9.677407
-20.322350
-17.529240
0.822759
22.263478
30.589045
21.048702
3.752509
-7.828146
-10.126678
-10.139899
-14.019574
-17.942653
-12.500000
4.429154
21.857283
24.875560
9.618878
-12.323929
-25.095690
-23.333212
-14.889306
-9.692513
-8.312901
-3.349796
8.720860
20.082168
18.340045
0.598552
-21.226280
-30.697563
-22.244435
-5.332134
6.518865
9.234721
9.499058
13.639479
18.121897
13.389052
-3.276527
-21.323634
-25.559158
-11.266162
10.629265
24.166584
23.307220
15.370625
10.332683
9.117496
4.395183
-7.731502
-19.780430
-19.101787
-2.027978
20.113731
30.699099
23.354481
6.877733
-5.197662
-8.306358
-8.808825
-13.197269
-18.235459
-14.237640
2.109668
20.723100
26.165883
12.881022
-8.897832
-23.151094
-23.185510
-15.773650
-10.915216
-9.882836
-5.429253
6.712744
19.417990
19.812009
3.461178
-18.929068
-30.593345
-24.374773
-8.383267
3.870460
7.346349
8.072614
12.694728
18.282873
15.043082
-0.931864
-20.056916
-26.693135
-14.457644
7.136028
22.053561
22.969384
16.097269
11.437543
10.605350
6.447853
-5.668086
-18.995878
-20.468377
-4.893750
17.675806
30.380387
25.301595
9.842889
-2.543170
-6.359573
-7.294046
-12.133896
-18.263925
-15.802838
-0.253557
19.326519
27.138547
15.990314
-5.350379
-20.878645
-22.660540
-16.340743
-11.897392
-11.281665
-7.446900
4.601100
18.515292
21.068690
6.321245
-16.357733
-30.060712
-26.131604
-11.250973
1.221658
5.351004
6.476926
11.517058
18.178649
16.514522
1.443241
-18.533550
-27.500000
-17.473442
3.547511
19.631305
22.261065
16.503703
12.292797
11.908625
8.422396
-3.515424
-17.977593
-21.610884
-7.739180
14.978891
29.635210
26.861837
12.602132
0.088275
-4.325684
-5.625228
-10.846736
-18.027325
-17.175909
-2.633815
17.679846
27.775635
18.901581
-1.734130
-18.316777
-21.773418
-16.586156
-12.622108
-12.483298
-9.370450
2.414742
17.384306
22.093040
9.143052
-13.543573
-29.105165
-27.489728
-13.891241
-1.380924
3.288703
4.743076
10.125673
17.810476
17.784938
3.821892
-16.767444
-27.963858
-20.269449
-0.083011
16.940554
21.200424
16.588476
12.883994
13.002992
10.287285
-1.302775
-16.737110
-22.513390
-10.528350
12.056303
28.472263
28.013115
15.113461
2.650701
-2.245173
-3.834724
-9.356825
-17.528867
-18.339714
-5.004084
15.798573
28.063356
21.571953
1.897134
-15.508364
-20.545259
-16.511404
-13.077448
-13.465265
-11.169258
0.183266
16.037835
22.870322
11.890575
-10.521828
-27.738576
-28.430252
-16.264257
-3.892164
1.200207
2.904535
8.543345
17.183495
18.838522
6.177005
-14.775655
-28.073097
-22.804207
-3.701466
14.026139
19.811429
16.356042
13.201794
13.867937
12.012872
0.940030
-15.288454
-23.162388
-13.225248
8.945098
26.906565
28.739814
17.339412
5.100032
-0.158891
-1.956963
-7.688568
-16.775591
-19.279819
-7.337284
13.701294
27.992343
23.961553
5.489261
-12.500000
-19.002761
-16.123844
-13.256681
-14.209094
-12.814791
-2.063362
14.491081
23.388307
14.527929
-7.331252
-25.979069
-28.940903
-18.335053
-6.269218
-0.873737
0.996530
6.795998
16.306608
19.662245
8.481572
-12.578278
-27.820654
-25.039580
-7.253834
10.936222
18.123378
15.816609
13.242093
14.487100
13.571848
3.182996
-13.647962
-23.546973
-15.794231
5.685603
24.959293
29.033052
19.247656
7.394844
1.892708
-0.027805
-5.869291
-15.778213
-19.984625
-9.606550
11.409570
27.557895
26.034142
8.988581
-9.341213
-17.177683
-15.436472
-13.158336
-14.700600
-14.281060
-4.295224
12.761469
23.637456
17.019834
-4.013617
-23.850802
-29.016228
-20.074067
-8.472263
-2.893148
-0.944614
4.912240
15.192288
20.245966
10.708935
-10.198301
-27.204236
-26.941377
-10.687011
7.721486
16.170339
14.985888
13.006046
14.848527
14.939641
5.396379
-11.834096
-23.659010
-18.200502
2.320895
22.657506
28.890829
20.811511
9.497079
3.870299
1.916125
-3.928758
-14.550909
-20.445464
-11.785494
8.947764
26.760162
27.757722
12.342765
-6.083631
-15.106244
-14.467623
-12.786178
-14.930104
-15.545005
-6.482844
10.868448
23.611076
19.332097
-0.613155
-21.383647
-28.657684
-21.457604
-10.465167
-4.819542
-2.882139
2.922860
13.856349
20.582503
12.833045
-7.661407
-26.226467
-28.479930
-13.949652
4.434284
13.990511
13.884738
12.500000
14.944846
16.094781
7.551067
-9.867237
-23.493285
-20.410596
-1.103787
20.033783
28.318052
22.010360
11.372688
5.736414
3.838103
-1.898648
-13.111058
-20.656653
-13.848473
6.342826
25.604261
29.105083
15.501663
-2.780108
-12.828441
-13.240572
-12.149090
-14.892562
-16.586818
-8.597570
8.833273
23.305462
21.432100
2.824040
-18.612774
-27.873612
-22.468198
-12.216104
-6.616630
-4.779523
0.860290
12.317661
20.667673
14.828729
-4.995752
-24.894969
-29.630606
-16.993003
1.127755
11.625505
12.538727
11.735323
14.773355
17.019193
9.618959
-7.769459
-23.047629
-22.392857
-4.541658
17.125760
27.326458
22.829950
12.992195
7.456103
5.701977
0.187991
-11.478942
-20.615511
-15.770847
3.624046
24.100326
30.054281
18.418112
0.516155
-10.387312
-11.783048
-11.260864
-14.587619
-17.390217
-10.611937
6.678781
22.720007
23.289271
6.250663
-15.578146
-26.679092
-23.094860
-13.698068
-8.250960
-6.601142
-1.241945
10.597833
20.500297
16.671946
-2.231686
-23.222378
-30.374253
-19.771686
-2.145066
9.119587
10.977607
10.728154
14.336036
17.698439
11.573310
-5.564302
-22.323017
-24.117918
-7.945063
13.975579
25.934409
23.262589
14.331172
8.997561
7.472809
2.297302
-9.677407
-20.322350
-17.529240
0.822759
22.263478
30.589045
21.048702
3.752509
-7.828146
-10.126678
-10.139899
-14.019574
-17.942653
-12.500000
4.429154
21.857283
24.875560
9.618878
-12.323929
-25.095690
-23.333212
-14.889306
-9.692513
-8.312901
-3.349796
8.720860
20.082168
18.340045
0.598552
-21.226280
-30.697563
-22.244435
-5.332134
6.518865
9.234721
9.499058
13.639479
18.121897
13.389052
-3.276527
-21.323634
-25.559158
-11.266162
10.629265
24.166584
23.307220
15.370625
10.332683
9.117496
4.395183
-7.731502
-19.780430
-19.101787
-2.027978
20.113731
30.699099
23.354481
6.877733
-5.197662
-8.306358
-8.808825
-13.197269
-18.235459
-14.237640
2.109668
20.723100
26.165883
12.881022
-8.897832
-23.151094
-23.185510
-15.773650
-10.915216
-9.882836
-5.429253
6.712744
19.417990
19.812009
3.461178
-18.929068
-30.593345
-24.374773
-8.383267
3.870460
7.346349
8.072614
12.694728
18.282873
15.043082
-0.931864
-20.056916
-26.693135
-14.457644
7.136028
22.053561
22.969384
16.097269
11.437543
10.605350
6.447853
-5.668086
-18.995878
-20.468377
-4.893750
17.675806
30.380387
25.301595
9.842889
-2.543170
-6.359573
-7.294046
-12.133896
-18.263925
-15.802838
-0.253557
19.326519
27.138547
15.990314
-5.350379
-20.878645
-22.660540
-16.340743
-11.897392
-11.281665
-7.446900
4.601100
18.515292
21.068690
6.321245
-16.357733
-30.060712
-26.131604
-11.250973
1.221658
5.351004
6.476926
11.517058
18.178649
16.514522
1.443241
-18.533550
-27.500000
-17.473442
3.547511
19.631305
22.261065
16.503703
12.292797
11.908625
8.422396
-3.515424
-17.977593
-21.610884
-7.739180
14.978891
29.635210
26.861837
12.602132
0.088275
-4.325684
-5.625228
-10.846736
-18.027325
-17.175909
-2.633815
17.679846
27.775635
18.901581
-1.734130
-18.316777
-21.773418
-16.586156
-12.622108
-12.483298
-9.370450
2.414742
17.384306
22.093040
9.143052
-13.543573
-29.105165
-27.489728
-13.891241
-1.380924
3.288703
4.743076
10.125673
17.810476
17.784938
3.821892
-16.767444
-27.963858
-20.269449
-0.083011
16.940554
21.200424
16.588476
12.883994
13.002992
10.287285
-1.302775
-16.737110
-22.513390
-10.528350
12.056303