
18.472263
23.737564
21.457394
12.351014
-0.294270
-11.866799
-18.176038
-17.038190
-9.100919
2.405428
12.895727
18.171591
16.016251
7.038162
-5.556516
-17.176360
-23.582472
-22.492889
-14.445436
-2.591972
8.497962
14.570530
13.300919
5.174986
-6.694993
-17.750621
-23.716285
-22.221250
-13.700016
-1.229595
10.634640
17.583238
17.183495
9.798629
-1.553100
-12.345853
-18.265244
-16.847214
-8.415433
4.038185
15.984595
23.071632
22.771197
15.335241
3.698176
-7.637257
-14.308282
-13.746948
-6.154180
5.576199
16.954718
23.598786
22.895115
14.991797
2.743956
-9.366474
-16.927363
-17.266268
-10.460606
0.694791
11.750391
18.292030
17.617621
9.764812
-2.500000
-14.727210
-22.467777
-22.956994
-16.159997
-4.782715
6.755850
14.000404
14.149512
7.118418
-4.428405
-16.087303
-23.385200
-23.476080
-16.221066
-4.242635
8.067598
16.211439
17.286779
11.084959
0.166876
-11.110974
-18.251251
-18.323991
-11.080668
0.948268
13.409410
21.773602
23.049945
16.916902
5.841743
-5.856897
-13.647962
-14.507080
-8.064126
3.255801
15.151440
23.076059
23.961623
17.382798
5.719542
-6.743394
-15.438694
-17.245518
-11.669929
-1.029264
10.429399
18.142454
18.963075
12.357480
0.610634
-12.036656
-20.992174
-23.050101
-17.603447
-6.871549
4.943571
13.252146
14.818243
8.987758
-2.062713
-14.150489
-22.672295
-24.349617
-18.472263
-7.168699
5.399319
14.612553
17.143191
12.213891
1.889723
-9.707624
-17.965441
-19.531866
-13.589857
-2.170279
10.614637
20.126916
22.957894
18.217426
7.868573
-4.019062
-12.814267
-15.081724
-9.885806
0.853590
13.088102
22.175239
24.638345
19.485034
8.584267
-4.040868
-13.736611
-16.980711
-12.715360
-2.745601
8.947764
17.720269
20.027618
14.772567
3.724222
-9.149251
-19.181591
-22.774132
-18.756938
-8.829415
3.086560
12.335753
15.296379
10.754811
0.367016
-11.968206
-21.586617
-24.826502
-20.417015
-9.960570
2.673564
12.814625
16.759196
13.172992
3.594250
-8.152084
-17.407254
-20.447855
-15.900555
-5.266028
7.646578
18.160289
22.500000
19.220397
9.750848
-2.149246
-11.818140
-15.461209
-11.591383
-1.594463
10.794988
20.908541
24.913206
21.264453
11.292116
-1.302924
-11.850495
-16.479957
-13.585585
-4.433032
7.322998
17.026975
20.790386
16.968968
6.789295
-6.112852
-17.067406
-22.137044
-19.606529
-10.629825
1.210283
11.263075
15.575357
12.392207
2.824040
-9.572881
-20.143508
-24.898000
-22.023957
-12.573623
-0.065556
10.848245
16.144495
13.952084
5.259326
-6.463057
-16.580273
-21.053320
-17.973175
-8.287686
4.554437
15.907625
21.687170
19.914382
11.463490
-0.272806
-10.672306
-15.638118
-13.154062
-4.050981
8.306548
19.294383
24.780853
22.692507
13.800036
1.426426
-9.812009
-15.754493
-14.271578
-6.070534
5.574949
16.068251
21.235068
18.908789
9.754950
-2.977801
-14.685895
-21.152629
-20.143321
-12.249189
-0.660089
10.047680
15.648939
13.873830
5.270491
-7.000860
-18.364396
-24.562165
-23.267471
-14.966550
-2.774308
8.746010
15.311801
14.543304
6.864093
-4.661487
-15.492274
-21.334360
-19.771686
-11.184959
1.389483
13.407409
20.536006
20.293029
12.984472
1.585355
-9.391137
-15.607427
-14.548515
-6.477758
5.660883
17.357123
24.242760
23.746613
16.068629
4.103910
-7.654546
-14.818434
-14.766648
-7.637475
3.725605
14.853967
21.350250
20.558025
12.571722
0.203930
-12.077582
-19.840212
-20.363507
-13.667102
-2.500000
8.704705
15.513350
15.175248
7.667975
-4.291854
-16.276477
-23.823889
-24.128101
-17.102024
-5.410055
6.541969
14.276562
14.941141
8.388198
-2.770346
-14.155212
-21.282122
-21.264264
-13.909420
-1.795831
10.702026
19.068461
20.355068
14.295063
3.401097
-7.990494
-15.366641
-15.751305
-8.836360
2.899160
15.126691
23.307220
24.410518
18.062788
6.687694
-5.412670
-13.688495
-15.066462
-9.113833
1.798856
13.398141
21.129696
21.887177
15.192429
3.379625
-9.286529
-18.224265
-20.268337
-14.866560
-4.285793
7.250695
15.167397
16.274118
9.978175
-1.488321
-13.912298
-22.694833
-24.592863
-18.947292
-7.931932
4.271059
13.056677
15.142439
9.812009
-0.814373
-12.585135
-20.893032
-22.423869
-16.415342
-4.948753
7.837026
17.311410
20.104239
15.380026
5.151317
-6.487567
-14.915888
-16.741288
-11.088745
0.064960
12.638120
21.989212
24.674555
19.752239
9.138045
-3.121550
-12.383675
-15.169044
-10.480422
-0.179783
11.718813
20.572534
22.871793
17.572994
6.496723
-6.359573
-16.333939
-19.864000
-15.834123
-5.994985
5.703436
14.612552
17.150592
12.163480
1.365211
-11.309242
-21.193236
-24.655439
-20.474678
-10.301494
1.968541
11.672168
15.146393
11.116842
1.180218
-10.802030
-20.168947
-23.228757
-18.660484
-8.017137
4.860327
15.296139
19.549133
16.227746
6.814210
-4.900692
-14.257999
-17.500000
-13.197891
-2.796422
9.930992
20.310162
24.535779
21.112010
11.417948
-0.816399
-10.924935
-15.074746
-11.719119
-2.183478
9.837864
19.683362
23.492939
19.673199
9.503715
-3.345513
-14.202514
-19.161432
-16.560020
-7.606506
4.081775
13.853012
17.787680
14.187613
4.222863
-8.508924
-19.343616
-24.316261
-21.662001
-12.483298
-0.330557
10.144846
14.954505
12.285187
3.186059
-8.829605
-19.117211
-23.662894
-20.606830
-10.950327
1.821398
13.057772
18.702959
16.830305
8.369497
-3.249175
-13.398545
-18.012011
-15.128421
-5.638713
7.048789
18.297578
23.997988
22.122789
13.493668
1.468072
-9.334850
-14.786207
-12.813077
-4.184418
7.780752
18.472263
23.737564
21.457394
12.351014
-0.294270
-11.866799
-18.176038
-17.038190
-9.100919
2.405428
12.895727
18.171591
16.016251
7.038162
-5.556516
-17.176360
-23.582472
-22.492889
-14.445436
-2.591972
8.497962
14.570530
13.300919
5.174986
-6.694993
-17.750621
-23.716285
-22.221250
-13.700016
-1.229595
10.634640
17.583238
17.183495
9.798629
-1.553100
-12.345853
-18.265244
-16.847214
-8.415433
4.038185
15.984595
23.071632
22.771197
15.335241
3.698176
-7.637257
-14.308282
-13.746948
-6.154180
5.576199
16.954718
23.598786
22.895115
14.991797
2.743956
-9.366474
-16.927363
-17.266268
-10.460606
0.694791
11.750391
18.292030
17.617621
9.764812
-2.500000
-14.727210
-22.467777
-22.956994
-16.159997
-4.782715
6.755850
14.000404
14.149512
7.118418
-4.428405
-16.087303
-23.385200
-23.476080
-16.221066
-4.242635
8.067598
16.211439
17.286779
11.084959
0.166876
-11.110974
-18.251251
-18.323991
-11.080668
0.948268
13.409410
21.773602
23.049945
16.916902
5.841743
-5.856897
-13.647962
-14.507080
-8.064126
3.255801
15.151440
23.076059
23.961623
17.382798
5.719542
-6.743394
-15.438694
-17.245518
-11.669929
-1.029264
10.429399
18.142454
18.963075
12.357480
0.610634
-12.036656
-20.992174
-23.050101
-17.603447
-6.871549
4.943571
13.252146
14.818243
8.987758
-2.062713
-14.150489
-22.672295
-24.349617
-18.472263
-7.168699
5.399319
14.612553
17.143191
12.213891
1.889723
-9.707624
-17.965441
-19.531866
-13.589857
-2.170279
10.614637
20.126916
22.957894
18.217426
7.868573
-4.019062
-12.814267
-15.081724
-9.885806
0.853590
13.088102
22.175239
24.638345
19.485034
8.584267
-4.040868
-13.736611
-16.980711
-12.715360
-2.745601
8.947764
17.720269
20.027618
14.772567
3.724222
-9.149251
-19.181591
-22.774132
-18.756938
-8.829415
3.086560
12.335753
15.296379
10.754811
0.367016
-11.968206
-21.586617
-24.826502
-20.417015
-9.960570
2.673564
12.814625
16.759196
13.172992
3.594250
-8.152084
-17.407254
-20.447855
-15.900555
-5.266028
7.646578
18.160289
22.500000
19.220397
9.750848
-2.149246
-11.818140
-15.461209
-11.591383
-1.594463
10.794988
20.908541
24.913206
21.264453
11.292116
-1.302924
-11.850495
-16.479957
-13.585585
-4.433032
7.322998
17.026975
20.790386
16.968968
6.789295
-6.112852
-17.067406
-22.137044
-19.606529
-10.629825
1.210283
11.263075
15.575357
12.392207
2.824040
-9.572881
-20.143508
-24.898000
-22.023957
-12.573623
-0.065556
10.848245
16.144495
13.952084
5.259326
-6.463057
-16.580273
-21.053320
-17.973175
-8.287686
4.554437
15.907625
21.687170
19.914382
11.463490
-0.272806
-10.672306
-15.638118
-13.154062
-4.050981
8.306548
19.294383
24.780853
22.692507
13.800036
1.426426
-9.812009
-15.754493
-14.271578
-6.070534
5.574949
16.068251
21.235068
18.908789
9.754950
-2.977801
-14.685895
-21.152629
-20.143321
-12.249189
-0.660089
10.047680
15.648939
13.873830
5.270491
-7.000860
-18.364396
-24.562165
-23.267471
-14.966550
-2.774308
8.746010
15.311801
14.543304
6.864093
-4.661487
-15.492274
-21.334360
-19.771686
-11.184959
1.389483
13.407409
20.536006
20.293029
12.984472
1.585355
-9.391137
-15.607427
-14.548515
-6.477758
5.660883
17.357123
24.242760
23.746613
16.068629
4.103910
-7.654546
-14.818434
-14.766648
-7.637475
3.725605
14.853967
21.350250
20.558025
12.571722
0.203930
-12.077582
-19.840212
-20.363507
-13.667102
-2.500000
8.704705
15.513350
15.175248
7.667975
-4.291854
-16.276477
-23.823889
-24.128101
-17.102024
-5.410055
6.541969
14.276562
14.941141
8.388198
-2.770346
-14.155212
-21.282122
-21.264264
-13.909420
-1.795831
10.702026
19.068461
20.355068
14.295063
3.401097
-7.990494
-15.366641
-15.751305
-8.836360
2.899160
15.126691
23.307220
24.410518
18.062788
6.687694
-5.412670
-13.688495
-15.066462
-9.113833
1.798856
13.398141
21.129696
21.887177
15.192429
3.379625
-9.286529
-18.224265
-20.268337
-14.866560
-4.285793
7.250695
15.167397
16.274118
9.978175
-1.488321
-13.912298
-22.694833
-24.592863
-18.947292
-7.931932
4.271059
13.056677
15.142439
9.812009
-0.814373
-12.585135
-20.893032
-22.423869
-16.415342
-4.948753
7.837026
17.311410
20.104239
15.380026
5.151317
-6.487567
-14.915888
-16.741288
-11.088745
0.064960
12.638120
21.989212
24.674555
19.752239
9.138045
-3.121550
-12.383675
-15.169044
-10.480422
-0.179783
11.718813
20.572534
22.871793
17.572994
6.496723
-6.359573
-16.333939
-19.864000
-15.834123
-5.994985
5.703436
14.612552
17.150592
12.163480
1.365211
-11.309242
-21.193236
-24.655439
-20.474678
-10.301494
1.968541
11.672168
15.146393
11.116842
1.180218
-10.802030
-20.168947
-23.228757
-18.660484
-8.017137
4.860327
15.296139
19.549133
16.227746
6.814210
-4.900692
-14.257999
-17.500000
-13.197891
-2.796422
9.930992
20.310162
24.535779
21.112010
11.417948
-0.816399
-10.924935
-15.074746
-11.719119
-2.183478
9.837864
19.683362
23.492939
19.673199
9.503715
-3.345513
-14.202514
-19.161432
-16.560020
-7.606506
4.081775
13.853012
17.787680
14.187613
4.222863
-8.508924
-19.343616
-24.316261
-21.662001
-12.483298
-0.330557
10.144846
14.954505
12.285187
3.186059
-8.829605
-19.117211
-23.662894
-20.606830
-10.950327
1.821398
13.057772
18.702959
16.830305
8.369497
-3.249175
-13.398545
-18.012011
-15.128421
-5.638713
7.048789
18.297578
23.997988
22.122789
13.493668
1.468072
-9.334850
-14.786207
-12.813077
-4.184418
7.780752