
0.037112
0.076138
0.082445
0.095316
0.120905
0.180800
0.427133
0.814837
0.195845
0.108309
0.073787
0.055500
0.044267
0.036715
0.031316
0.027279
0.024157
0.021676
0.019660
0.017993
0.016591
0.015398
0.014371
0.013477
0.012693
0.011999
0.011381
0.010828
0.010328
0.009876
0.009465
0.009089
0.008744
0.008426
0.008133
0.007860
0.007608
0.007372
0.007152
0.006946
0.006753
0.006571
0.006401
0.006239
0.006087
0.005943
0.005806
0.005676
0.005553
0.005436
0.005324
0.005218
0.005116
0.005019
0.004927
0.004838
0.004753
0.004671
0.004593
0.004518
0.004446
0.004376
0.004309
0.004245
0.004183
0.004124
0.004066
0.004011
0.003957
0.003906
0.003856
0.003807
0.003761
0.003716
0.003672
0.003630
0.003589
0.003549
0.003511
0.003473
0.003437
0.003402
0.003369
0.003336
0.003304
0.003273
0.003243
0.003214
0.003185
0.003158
0.003131
0.003105
0.003080
0.003055
0.003032
0.003008
0.002986
0.002964
0.002943
0.002922
0.501825
0.002883
0.002864
0.002845
0.002828
0.002810
0.002793
0.002777
0.002761
0.002746
0.002731
0.002716
0.002702
0.002688
0.002675
0.002662
0.002649
0.002637
0.002625
0.002614
0.002603
0.002592
0.002581
0.002571
0.002562
0.002552
0.002543
0.002535
0.002526
0.002518
0.002510
0.002503
0.002495
0.002488
0.002482
0.002475
0.002469
0.002463
0.002458
0.002452
0.002447
0.002443
0.002438
0.002434
0.002430
0.002426
0.002423
0.002419
0.002416
0.002414
0.002411
0.002409
0.002407
0.002405
0.002403
0.002402
0.002401
0.002400
0.002400
0.002399
0.001200