
90.000000
94.787182
99.529719
104.185748
108.718555
113.098210
117.302353
-58.683826
-54.868217
-51.252819
-47.834930
-44.608333
-41.564373
-38.692858
-35.982774
-33.422829
-31.001841
-28.709001
-26.534047
-24.467358
-22.500006
-20.623737
-18.831012
-17.114921
-15.469169
-13.888032
-12.366306
-10.899265
-9.482616
-8.112462
-6.785258
-5.497785
-4.247109
-3.030566
-1.845693
-0.690304
0.437652
1.540034
2.618546
3.674750
4.710084
5.725868
6.723319
7.703558
8.667622
9.616466
10.550970
11.472034
12.380260
13.276470
14.161299
15.035357
15.899215
16.753405
17.598424
18.434736
19.262777
20.082953
20.895647
21.701216
22.499990
23.292308
24.078445
24.858688
25.633303
26.402537
27.166627
27.925794
28.680249
29.430191
30.175808
30.917278
31.654769
32.388424
33.118481
33.844966
34.568077
35.287938
36.004674
36.718403
37.429239
38.137290
38.842658
39.545441
40.245733
40.943619
41.639156
42.332748
43.023831
43.712939
44.400054
45.085237
45.768554
46.450068
47.129841
47.807930
48.484394
49.159287
49.832660
50.504566
0.258158
51.844167
52.511955
53.178460
53.843725
54.507790
55.170695
55.832478
56.493175
57.152824
57.811458
58.469111
59.125815
59.781602
60.436502
61.090546
61.743761
62.396176
63.047818
63.698714
64.348889
64.998367
65.647175
66.295334
66.942867
67.589795
68.236117
68.882082
69.527261
70.171994
70.816239
71.460010
72.103325
72.746203
73.388661
74.030719
74.672394
75.313704
75.954666
76.595296
77.235608
77.875631
78.515368
79.154840
79.794062
80.433050
81.071820
81.710387
82.348765
82.986971
83.625018
84.262921
84.900695
85.538345
86.175930
86.813401
87.450805
88.088153
88.725459
89.362737
90.000000