
-90.000000
65.499862
-37.479666
-120.577639
51.362350
-167.202326
-170.375985
-21.866453
84.317773
-0.673294
79.237757
-178.970285
-48.324942
73.126986
-151.982073
108.449614
163.548231
173.673366
108.497671
94.339608
120.000000
-154.318687
-69.363350
-23.057341
-44.031014
-7.428811
-4.454204
-114.554169
30.971913
-97.210140
-48.658219
87.719876
8.508885
-161.498195
122.364743
-29.924132
15.923128
65.595598
-2.023064
110.458999
95.000227
32.847543
-19.495037
51.883404
129.546081
-50.999666
28.046608
-10.708029
119.206768
-15.485726
44.862747
138.313097
87.361758
-131.568578
146.641114
128.294670
67.253526
45.743810
56.318431
21.055826
117.291409
-140.502253
177.566609
-33.490114
-155.075785
50.676435
-124.090320
21.367874
161.540710
99.277720
-100.709855
-5.211544
-155.963562
31.575848
-61.286502
33.052904
16.855517
2.004998
-28.015401
159.986433
18.082474
1.073294
148.342211
-104.734850
156.449451
-16.287217
68.405361
6.522868
-10.317627
161.986910
-142.515410
66.839564
25.844832
2.548126
174.673137
6.461510
43.306433
45.875277
44.788023
-147.807885
45.000000
-158.505844
-122.143691
-124.177527
74.362601
151.046109
-96.626994
-101.247314
-129.619301
-158.592962
-113.211135
-55.865554
-52.306244
-129.261444
-123.393805
107.309064
23.882678
-88.774484
-123.522021
-117.868380
-92.765011
-5.647464
-10.772796
45.142927
-49.412270
108.610525
96.256562
167.475907
115.594406
-127.850580
-115.009294
16.743780
103.325450
-70.497551
-115.420405
151.104723
-107.876070
25.172299
-43.301937
160.456013
-118.484509
-132.751351
-79.475048
-15.616066
-147.345669
-105.102615
-81.572543
56.639689
-107.549147
61.626210
94.676325
-16.899237
-30.424554
43.474074
-63.988931
-158.914396
-159.461846
-161.120739
-62.785079
-37.297152
-159.251517
-69.067798
-124.706276
-109.442524
166.131610
36.431433
-138.507386
176.588686
-166.458174
-79.790370
-115.837538
-8.786857
100.831590
-160.087924
18.012128
-47.031204
168.872083
142.144819
-89.556981
-78.881087
94.149146
26.958830
91.888798
-4.234804
60.355216
155.374521
21.779577
-21.912514
-106.139030
-150.253332
-108.837428
1.292520
44.901864
123.947704
173.667781
-102.135342
-83.168877
15.369906
-48.518448
-162.311250
-111.300727
-103.624838
-32.702110
-152.169838
-124.154998
-149.024297
-47.416432
-77.059134
-16.201570
-154.663154
155.871765
94.804500
-110.536286
-39.675148
77.915553
-160.177686
-117.125298
14.884104
179.157945
-10.305825
118.943056
12.911643
23.900806
-19.507060
42.826515
-121.723580
-43.962252
143.149434
169.202866
-85.789277
71.909941
116.101384
-94.720894
-54.823412
51.469537
-150.555104
83.560255
-93.709824
120.669348
-141.186439
-47.047225
-131.913308
-169.203449
-98.349367
-7.945284
-86.039917
84.061553
42.361353
74.255191
28.011478
22.827697
42.953892
113.489300
163.554403
-160.908906
11.760831
58.255160
-51.781000
-150.815572
-0.792252
124.969039
84.695049
109.834755
-158.122865
-122.438922
-170.899401
-85.127385
-155.697169
40.486204
151.094749
-40.479088
134.453549
14.684460
-76.367757
116.703080
-81.523036
-85.726544
107.939633
-139.960281
59.130299
146.928199
-138.463934
-106.792380
62.563043
-126.410660
48.752391
-45.143485
-169.852795
3.472471
-65.007312
167.256439
142.815130
-61.378027
75.782873
164.483562
-38.779105
159.415408
76.509992
-163.664039
68.086634
-80.503312
-163.554950
-82.339012
-35.387323
-44.155074
-151.891941
45.905318
134.266854
-148.431987
-22.843711
6.107750
167.452506
-140.474895
19.025838
-125.151215
4.297990
65.289497
-156.365365
-166.397473
90.326113
50.250707
-116.749417
69.812879
-139.301250
-86.741972
-122.675407
-116.453708
-141.662527
143.083042
130.528255
-104.162940
-8.146976
68.188334
-133.468510
105.193833
93.434274
161.372075
92.662083
-84.956487
150.176146
171.629394
-111.282572
-96.754277
20.870158
-177.847847
-16.098542
62.891113
107.783040
-58.376459
92.919390
100.286699
-110.852920
-34.517073
139.285180
166.362569
-21.054463
-120.689612
-164.659671
-153.629420
-12.175842
1.065366
-4.592769
8.987352
14.426307
-13.850548
-61.156085
-153.945652
83.030777
23.771294
-6.303022
64.799348
53.562147
-137.121272
-134.976863
-99.496627
-22.734843
71.855844
162.338285
13.059726
4.274379
-27.766354
-172.655380
78.295025
-161.471249
-39.377267
-11.003828
67.635589
-7.241805
-94.725287
149.152702
-167.245301
-148.560442
135.212700
-118.562692
43.318555
25.253513
115.274224
143.460476
83.761161
41.840960
-133.428701
-105.147048
89.199061
56.870484
-70.601056
-61.711083
-108.964200
123.793122
93.068393
-179.515230
-149.332876
81.891561
-120.405558
-177.340742
-127.846534
68.644710
86.540972
-60.924808
114.486655
-14.714895
90.430330
-142.773735
-160.599972
-60.526809
-120.368260
-80.755300
-98.355802
84.764871
-94.318615
-84.306559
-7.742846
26.696781
-7.286636
179.236402
-42.242460
128.897220
69.660020
-67.622631
-15.147530
-25.510277
162.397089
-66.548482
31.067869
-21.815611
73.664659
134.943065
83.238730
39.619272
-168.531589
-61.638716
120.582713
9.033149
70.852531
-174.160161
113.236701
0.895681
167.359106
135.851560
-85.217915
-14.148604
67.163866
154.812159
84.279966
47.091227
156.091643
140.791918
131.040946
-125.773088
40.117097
-102.281552
-50.136438
13.600171
39.357621
46.979817
111.989259
166.705452
119.451693
-65.883025
-115.647454
98.855976
-2.059933
-76.889519
89.533658
26.038168
-106.073028
-112.542052
83.662121
-146.182447
-119.690857
142.413108
69.250783
154.582111
136.658346
143.882832
120.885965
29.004934
68.670176
-98.119102
41.187290
35.478673
90.000023