
18.472263
23.736416
21.392494
12.185549
-0.538554
-12.108452
-18.308608
-16.986287
-8.870432
2.710300
13.102577
18.109434
15.596955
6.312852
-6.395792
-17.857860
-23.859513
-22.251148
-13.766220
-1.739205
9.169526
14.754863
12.873769
4.263997
-7.738005
-18.472263
-23.736416
-21.392494
-12.185549
0.538554
12.108452
18.308608
16.986287
8.870432
-2.710300
-13.102577
-18.109434
-15.596955
-6.312852
6.395792
17.857860
23.859513
22.251148
13.766220
1.739205
-9.169526
-14.754863
-12.873769
-4.263997
7.738005
18.472263
23.736416
21.392494
12.185549
-0.538554
-12.108452
-18.308608
-16.986287
-8.870432
2.710300
13.102577
18.109434
15.596955
6.312852
-6.395792
-17.857860
-23.859513
-22.251148
-13.766220
-1.739205
9.169526
14.754863
12.873769
4.263997
-7.738005
-18.472263
-23.736416
-21.392494
-12.185549
0.538554
12.108452
18.308608
16.986287
8.870432
-2.710300
-13.102577
-18.109434
-15.596955
-6.312852
6.395792
17.857860
23.859513
22.251148
13.766220
1.739205
-9.169526
-14.754863
-12.873769
-4.263997
7.738005
18.472263
23.736416
21.392494
12.185549
-0.538554
-12.108452
-18.308608
-16.986287
-8.870432
2.710300
13.102577
18.109434
15.596955
6.312852
-6.395792
-17.857860
-23.859513
-22.251148
-13.766220
-1.739205
9.169526
14.754863
12.873769
4.263997
-7.738005
-18.472263
-23.736416
-21.392494
-12.185549
0.538554
12.108452
18.308608
16.986287
8.870432
-2.710300
-13.102577
-18.109434
-15.596955
-6.312852
6.395792
17.857860
23.859513
22.251148
13.766220
1.739205
-9.169526
-14.754863
-12.873769
-4.263997
7.738005
18.472263
23.736416
21.392494
12.185549
-0.538554
-12.108452
-18.308608
-16.986287
-8.870432
2.710300
13.102577
18.109434
15.596955
6.312852
-6.395792
-17.857860
-23.859513
-22.251148
-13.766220
-1.739205
9.169526
14.754863
12.873769
4.263997
-7.738005
-18.472263
-23.736416
-21.392494
-12.185549
0.538554
12.108452
18.308608
16.986287
8.870432
-2.710300
-13.102577
-18.109434
-15.596955
-6.312852
6.395792
17.857860
23.859513
22.251148
13.766220
1.739205
-9.169526
-14.754863
-12.873769
-4.263997
7.738005
18.472263
23.736416
21.392494
12.185549
-0.538554
-12.108452
-18.308608
-16.986287
-8.870432
2.710300
13.102577
18.109434
15.596955
6.312852
-6.395792
-17.857860
-23.859513
-22.251148
-13.766220
-1.739205
9.169526
14.754863
12.873769
4.263997
-7.738005
-18.472263
-23.736416
-21.392494
-12.185549
0.538554
12.108452
18.308608
16.986287
8.870432
-2.710300
-13.102577
-18.109434
-15.596955
-6.312852
6.395792
17.857860
23.859513
22.251148
13.766220
1.739205
-9.169526
-14.754863
-12.873769
-4.263997
7.738005
18.472263
23.736416
21.392494
12.185549
-0.538554
-12.108452
-18.308608
-16.986287
-8.870432
2.710300
13.102577
18.109434
15.596955
6.312852
-6.395792
-17.857860
-23.859513
-22.251148
-13.766220
-1.739205
9.169526
14.754863
12.873769
4.263997
-7.738005
-18.472263
-23.736416
-21.392494
-12.185549
0.538554
12.108452
18.308608
16.986287
8.870432
-2.710300
-13.102577
-18.109434
-15.596955
-6.312852
6.395792
17.857860
23.859513
22.251148
13.766220
1.739205
-9.169526
-14.754863
-12.873769
-4.263997
7.738005
18.472263
23.736416
21.392494
12.185549
-0.538554
-12.108452
-18.308608
-16.986287
-8.870432
2.710300
13.102577
18.109434
15.596955
6.312852
-6.395792
-17.857860
-23.859513
-22.251148
-13.766220
-1.739205
9.169526
14.754863
12.873769
4.263997
-7.738005
-18.472263
-23.736416
-21.392494
-12.185549
0.538554
12.108452
18.308608
16.986287
8.870432
-2.710300
-13.102577
-18.109434
-15.596955
-6.312852
6.395792
17.857860
23.859513
22.251148
13.766220
1.739205
-9.169526
-14.754863
-12.873769
-4.263997
7.738005
18.472263
23.736416
21.392494
12.185549
-0.538554
-12.108452
-18.308608
-16.986287
-8.870432
2.710300
13.102577
18.109434
15.596955
6.312852
-6.395792
-17.857860
-23.859513
-22.251148
-13.766220
-1.739205
9.169526
14.754863
12.873769
4.263997
-7.738005
-18.472263
-23.736416
-21.392494
-12.185549
0.538554
12.108452
18.308608
16.986287
8.870432
-2.710300
-13.102577
-18.109434
-15.596955
-6.312852
6.395792
17.857860
23.859513
22.251148
13.766220
1.739205
-9.169526
-14.754863
-12.873769
-4.263997
7.738005
18.472263
23.736416
21.392494
12.185549
-0.538554
-12.108452
-18.308608
-16.986287
-8.870432
2.710300
13.102577
18.109434
15.596955
6.312852
-6.395792
-17.857860
-23.859513
-22.251148
-13.766220
-1.739205
9.169526
14.754863
12.873769
4.263997
-7.738005
-18.472263
-23.736416
-21.392494
-12.185549
0.538554
12.108452
18.308608
16.986287
8.870432
-2.710300
-13.102577
-18.109434
-15.596955
-6.312852
6.395792
17.857860
23.859513
22.251148
13.766220
1.739205
-9.169526
-14.754863
-12.873769
-4.263997
7.738005
18.472263
23.736416
21.392494
12.185549
-0.538554
-12.108452
-18.308608
-16.986287
-8.870432
2.710300
13.102577
18.109434
15.596955
6.312852
-6.395792
-17.857860
-23.859513
-22.251148
-13.766220
-1.739205
9.169526
14.754863
12.873769
4.263997
-7.738005
-18.472263
-23.736416
-21.392494
-12.185549
0.538554
12.108452
18.308608
16.986287
8.870432
-2.710300
-13.102577
-18.109434
-15.596955
-6.312852
6.395792
17.857860
23.859513
22.251148
13.766220
1.739205
-9.169526
-14.754863
-12.873769
-4.263997
7.738005
18.472263
23.736416
21.392494
12.185549
-0.538554
-12.108452
-18.308608
-16.986287
-8.870432
2.710300
13.102577
18.109434
15.596955
6.312852
-6.395792
-17.857860
-23.859513
-22.251148
-13.766220
-1.739205
9.169526
14.754863
12.873769
4.263997
-7.738005
-18.472263
-23.736416
-21.392494
-12.185549
0.538554
12.108452
18.308608
16.986287
8.870432
-2.710300
-13.102577
-18.109434
-15.596955
-6.312852
6.395792
17.857860
23.859513
22.251148
13.766220
1.739205
-9.169526
-14.754863
-12.873769
-4.263997
7.738005
18.472263
23.736416
21.392494
12.185549
-0.538554
-12.108452
-18.308608
-16.986287
-8.870432
2.710300
13.102577
18.109434
15.596955
6.312852
-6.395792
-17.857860
-23.859513
-22.251148
-13.766220
-1.739205
9.169526
14.754863
12.873769
4.263997
-7.738005
-18.472263
-23.736416
-21.392494
-12.185549
0.538554
12.108452
18.308608
16.986287
8.870432
-2.710300
-13.102577
-18.109434
-15.596955
-6.312852
6.395792
17.857860
23.859513
22.251148
13.766220
1.739205
-9.169526
-14.754863
-12.873769
-4.263997
7.738005
18.472263
23.736416
21.392494
12.185549
-0.538554
-12.108452
-18.308608
-16.986287
-8.870432
2.710300
13.102577
18.109434
15.596955
6.312852
-6.395792
-17.857860
-23.859513
-22.251148
-13.766220
-1.739205
9.169526
14.754863
12.873769
4.263997
-7.738005
-18.472263
-23.736416
-21.392494
-12.185549
0.538554
12.108452
18.308608
16.986287
8.870432
-2.710300
-13.102577
-18.109434
-15.596955
-6.312852
6.395792
17.857860
23.859513
22.251148
13.766220
1.739205
-9.169526
-14.754863
-12.873769
-4.263997
7.738005
18.472263
23.736416
21.392494
12.185549
-0.538554
-12.108452
-18.308608
-16.986287
-8.870432
2.710300
13.102577
18.109434
15.596955
6.312852
-6.395792
-17.857860
-23.859513
-22.251148
-13.766220
-1.739205
9.169526
14.754863
12.873769
4.263997
-7.738005
-18.472263
-23.736416
-21.392494
-12.185549
0.538554
12.108452
18.308608
16.986287
8.870432
-2.710300
-13.102577
-18.109434
-15.596955
-6.312852
6.395792
17.857860
23.859513
22.251148
13.766220
1.739205
-9.169526
-14.754863
-12.873769
-4.263997
7.738005
18.472263
23.736416
21.392494
12.185549
-0.538554
-12.108452
-18.308608
-16.986287
-8.870432
2.710300
13.102577
18.109434
15.596955
6.312852
-6.395792
-17.857860
-23.859513
-22.251148
-13.766220
-1.739205
9.169526
14.754863
12.873769
4.263997
-7.738005
-18.472263
-23.736416
-21.392494
-12.185549
0.538554
12.108452
18.308608
16.986287
8.870432
-2.710300
-13.102577
-18.109434
-15.596955
-6.312852
6.395792
17.857860
23.859513
22.251148
13.766220
1.739205
-9.169526
-14.754863
-12.873769
-4.263997
7.738005
18.472263
23.736416
21.392494
12.185549
-0.538554
-12.108452
-18.308608
-16.986287
-8.870432
2.710300
13.102577
18.109434
15.596955
6.312852
-6.395792
-17.857860
-23.859513
-22.251148
-13.766220
-1.739205
9.169526
14.754863
12.873769
4.263997
-7.738005
-18.472263
-23.736416
-21.392494
-12.185549
0.538554
12.108452
18.308608
16.986287
8.870432
-2.710300
-13.102577
-18.109434
-15.596955
-6.312852
6.395792
17.857860
23.859513
22.251148
13.766220
1.739205
-9.169526
-14.754863
-12.873769
-4.263997
7.738005
18.472263
23.736416
21.392494
12.185549
-0.538554
-12.108452
-18.308608
-16.986287
-8.870432
2.710300
13.102577
18.109434
15.596955
6.312852
-6.395792
-17.857860
-23.859513
-22.251148
-13.766220
-1.739205
9.169526
14.754863
12.873769
4.263997
-7.738005
-18.472263
-23.736416
-21.392494
-12.185549
0.538554
12.108452
18.308608
16.986287
8.870432
-2.710300
-13.102577
-18.109434
-15.596955
-6.312852
6.395792
17.857860
23.859513
22.251148
13.766220
1.739205
-9.169526
-14.754863
-12.873769
-4.263997
7.738005
18.472263
23.736416
21.392494
12.185549
-0.538554
-12.108452
-18.308608
-16.986287
-8.870432
2.710300
13.102577
18.109434
15.596955
6.312852
-6.395792
-17.857860
-23.859513
-22.251148
-13.766220
-1.739205
9.169526
14.754863
12.873769
4.263997
-7.738005
-18.472263
-23.736416
-21.392494
-12.185549
0.538554
12.108452
18.308608
16.986287
8.870432
-2.710300
-13.102577
-18.109434
-15.596955
-6.312852
6.395792
17.857860
23.859513
22.251148
13.766220
1.739205
-9.169526
-14.754863
-12.873769
-4.263997
7.738005
18.472263
23.736416
21.392494
12.185549
-0.538554
-12.108452
-18.308608
-16.986287
-8.870432
2.710300
13.102577
18.109434
15.596955
6.312852
-6.395792
-17.857860
-23.859513
-22.251148
-13.766220
-1.739205
9.169526
14.754863
12.873769
4.263997
-7.738005
-18.472263
-23.736416
-21.392494
-12.185549
0.538554
12.108452
18.308608
16.986287
8.870432
-2.710300
-13.102577
-18.109434
-15.596955
-6.312852
6.395792
17.857860
23.859513
22.251148
13.766220
1.739205
-9.169526
-14.754863
-12.873769
-4.263997
7.738005
18.472263
23.736416
21.392494
12.185549
-0.538554
-12.108452
-18.308608
-16.986287
-8.870432
2.710300
13.102577
18.109434
15.596955
6.312852
-6.395792
-17.857860
-23.859513
-22.251148
-13.766220
-1.739205
9.169526
14.754863
12.873769
4.263997
-7.738005
-18.472263
-23.736416
-21.392494
-12.185549
0.538554
12.108452
18.308608
16.986287
8.870432
-2.710300
-13.102577
-18.109434
-15.596955
-6.312852
6.395792
17.857860
23.859513
22.251148
13.766220
1.739205
-9.169526
-14.754863
-12.873769
-4.263997
7.738005
18.472263
23.736416
21.392494
12.185549
-0.538554
-12.108452
-18.308608
-16.986287
-8.870432
2.710300
13.102577
18.109434
15.596955
6.312852
-6.395792
-17.857860
-23.859513
-22.251148
-13.766220
-1.739205
9.169526
14.754863
12.873769
4.263997